time Ha FUV NUV u V J W3 UV+IR
0.0001 0.006402879646036444 0.0050960014423859145 0.004892294013700022 0.0053110447685126815 0.0053569897754722285 0.0044098644324223535 0.00559189980237311 0.005335242522993358
0.0001024757823189282 0.006402879646036444 0.0050960014423859145 0.004892294013700022 0.0053110447685126815 0.0053569897754722285 0.0044098644324223535 0.00559189980237311 0.005335242522993358
0.00010501285961876356 0.0063740176464655764 0.005078352307614058 0.0048739431981038766 0.0052886769564834185 0.0053293654431743704 0.0043825973930420575 0.005569740983599345 0.005314800148955812
0.0001076127494298058 0.0063451556468947104 0.005060703172842214 0.004855592382507693 0.005266309144454178 0.005301741110876489 0.004355330353661705 0.005547582164825599 0.00529435777491831
0.00011027700685310154 0.0063162936473238444 0.005043054038070354 0.004837241566911571 0.005243941332424903 0.005274116778578597 0.004328063314281389 0.005525423346051814 0.0052739154008807675
0.00011300722549061386 0.006302685693647141 0.0050352676660138295 0.004828771533910206 0.005232996171897352 0.005257573947071518 0.004307213064800947 0.005515039866662983 0.005264382157622593
0.00011580503839842179 0.006325982689714371 0.0050513428166555395 0.004844206620089845 0.005249686458551266 0.005267841198122679 0.0043018873070136375 0.005533145111592117 0.005281241972701451
0.00011867211906351792 0.006349279685781602 0.0050674179672972695 0.004859641706269497 0.005266376745205213 0.005278108449173892 0.004296561549226311 0.005551250356521387 0.005298101787780337
0.00012161018240478992 0.006372576681848832 0.005083493117939011 0.004875076792449129 0.005283067031859115 0.005288375700225057 0.004291235791439046 0.005569355601450649 0.005314961602859246
0.00012462098579878403 0.006395873677916064 0.005099568268580814 0.004890511878628797 0.005299757318513025 0.005298642951276303 0.004285910033651729 0.0055874608463798835 0.005331821417938128
0.00012770633013086446 0.006336323950112136 0.0050719650222190195 0.0048609173858875695 0.005259581433472621 0.00525239349049477 0.004241371105362829 0.0055482838723171285 0.005297466001483432
0.00013086806087239647 0.006217979773109338 0.005013364203790307 0.004799366417783157 0.005179048910455675 0.005166035395509496 0.004169003475427677 0.005468455000905125 0.005226764291682289
0.00013410806918459945 0.00609963559610653 0.004954763385361578 0.004737815449678718 0.00509851638743862 0.005079677300524162 0.004096635845492513 0.005388626129493166 0.005156062581881157
0.00013742829304972775 0.0059812914191037314 0.004896162566932865 0.0046762644815743215 0.005017983864421629 0.0049933192055388485 0.004024268215557346 0.005308797258081197 0.005085360872080025
0.00014083071843025774 0.005862947242100924 0.004837561748504127 0.004614713513469907 0.004937451341404628 0.004906961110553529 0.003951900585622153 0.005228968386669105 0.005014659162278849
0.00014431738045677362 0.005933384947651707 0.004881159926810315 0.004658063620485008 0.0049879756066126685 0.004951255203266364 0.0039735421179351626 0.005281383743215876 0.005062786561345337
0.00014789036464526274 0.00603021151850568 0.004939043986380499 0.004716077318645815 0.005056819637916599 0.005013812505012237 0.004008324715938793 0.005352284852057969 0.005127524481006246
0.00015155180814454874 0.0061270380893596625 0.004996928045950748 0.00477409101680666 0.00512566366922056 0.005076369806758179 0.00404310731394239 0.005423185960900065 0.005192262400667154
0.00015530390101460746 0.0062238646602136355 0.005054812105520967 0.004832104714967538 0.005194507700524544 0.00513892710850405 0.0040778899119459965 0.005494087069742082 0.00525700032032804
0.00015914888753653286 0.006303510818005033 0.0051032823630383075 0.00488059944717445 0.005251444613315063 0.005189694638728182 0.004104338512283165 0.005552873700828549 0.005310851008127974
0.00016308906755493327 0.006299163845268226 0.005105729588297375 0.004882557012495609 0.005250168946706422 0.005182823285956628 0.0040900431240289475 0.005552433996221263 0.005311475229052429
0.00016712679785356316 0.006294816872531419 0.005108176813556396 0.004884514577816754 0.00524889328009781 0.005175951933185102 0.004075747735774741 0.00555199429161405 0.005312099449976925
0.00017126449356501253 0.006290469899794614 0.005110624038815439 0.004886472143137924 0.005247617613489158 0.005169080580413543 0.004061452347520529 0.00555155458700679 0.00531272367090136
0.00017550462961529704 0.006286122927057805 0.0051130712640744735 0.0048884297084590715 0.005246341946880548 0.005162209227642021 0.0040471569592663076 0.0055511148823995495 0.005313347891825816
0.00017984974220421315 0.006245188794014816 0.005094963040838198 0.004869166008650124 0.0052190524799876166 0.005129775302999354 0.004014558719441376 0.005524598786487754 0.005290396160240512
0.000184302430322343 0.006161694086738105 0.00505294337751553 0.004825216347363259 0.005161502061743522 0.005067605325363731 0.00396066940738121 0.005467748929262488 0.005240019341041819
0.00018886535730561853 0.006078199379461399 0.005010923714192861 0.004781266686076374 0.005103951643499464 0.005005435347728083 0.003906780095320963 0.005410899072037287 0.005189642521843128
0.0001935412524283716 0.005994704672184686 0.004968904050870193 0.004737317024789497 0.005046401225255356 0.0049432653700925274 0.003852890783260779 0.005354049214812007 0.005139265702644429
0.0001983329125358254 0.0059112099649079805 0.004926884387547569 0.004693367363502633 0.004988850807011295 0.004881095392456867 0.003799001471200571 0.005297199357586763 0.0050888888834457234
0.00020324320371700266 0.005943304710423684 0.004946957727386291 0.004713283254232318 0.005011309129678361 0.004899097925007321 0.0038035523863334747 0.005321050699967194 0.005110927085680378
0.00020827506301905144 0.006012966028096912 0.004987211293252407 0.004753955449367395 0.005059770293141633 0.0049431565233682764 0.0038270963753041596 0.005371129932219507 0.005156500169880891
0.00021343150020401388 0.006082627345770145 0.0050274648591186145 0.0047946276445024775 0.005108231456604844 0.004987215121729214 0.0038506403642748687 0.005421209164471897 0.005202073254081424
0.00021871559954908805 0.006152288663443373 0.0050677184249847615 0.004835299839637567 0.005156692620068103 0.005031273720090187 0.0038741843532455506 0.0054712883967241634 0.0052476463382819406
0.00022413052169146215 0.006220936688988575 0.005107402505959697 0.004875390479204228 0.005204444699099948 0.005074648381313899 0.00389727630843426 0.00552064828575659 0.005292568446846537
0.0002296795055188209 0.006269116213547566 0.005135582992133204 0.004903733696288505 0.0052378732726178065 0.0051042075123647465 0.003911237181227315 0.005555477441746168 0.005324340847565558
0.00023536587010665756 0.006317295738106559 0.0051637634783067024 0.004932076913372801 0.005271301846135717 0.005133766643415608 0.003925198054020419 0.005590306597735718 0.0053561132482845405
0.0002411930167035497 0.006365475262665552 0.005191943964480174 0.004960420130457088 0.005304730419653603 0.005163325774466458 0.003939158926813455 0.005625135753725218 0.005387885649003517
0.0002471644307655857 0.006413654787224544 0.005220124450653662 0.004988763347541423 0.005338158993171486 0.005192884905517324 0.00395311979960653 0.005659964909714873 0.00541965804972255
0.00025328368404115985 0.006409800256210329 0.0052219317705338815 0.004989873550331581 0.005336523300500604 0.005187286814455111 0.003942169811123073 0.005659515220374785 0.005420083961425359
0.0002595544367073808 0.006304768394914866 0.005172457933732661 0.004938030669772119 0.005266707090240571 0.0051133274581729475 0.003882782036824182 0.005590467776227083 0.005359558366707819
0.00026598043955937585 0.006199736533619396 0.005122984096931423 0.0048861877892126294 0.005196890879980542 0.005039368101890835 0.0038233942625253026 0.005521420332079297 0.005299032771990249
0.00027256553625379436 0.006094704672323935 0.005073510260130202 0.00483434490865312 0.0051270746697205435 0.004965408745608667 0.0037640064882263707 0.005452372887931566 0.00523850717727269
0.0002793136656078576 0.005989672811028463 0.005024036423328985 0.00478250202809366 0.005057258459460475 0.0048914493893264955 0.00370461871392747 0.005383325443783845 0.005177981582555139
0.00028622886395532717 0.006031482497473392 0.00505138064733952 0.0048096510720429045 0.005087928553991092 0.004918263684262574 0.0037176141980850945 0.005415298014465607 0.005207673338947259
0.0002933152675608022 0.006158767114692575 0.005123439861971859 0.004882780489959991 0.005177090676683392 0.005003737268713701 0.003772743220747218 0.005506073280346614 0.005289879672850961
0.00030057711509378976 0.00628605173191177 0.005195499076604182 0.004955909907877045 0.005266252799375711 0.005089210853164827 0.0038278722434093738 0.0055968485462275916 0.005372086006754656
0.00030801875016402624 0.006413336349130954 0.005267558291236452 0.005029039325794095 0.00535541492206801 0.005174684437615903 0.0038830012660715364 0.0056876238121086565 0.0054542923406583855
0.0003156446239195708 0.006540620966350148 0.005339617505868803 0.0051021687437111845 0.005444577044760311 0.005260158022067056 0.0039381302887336695 0.005778399077989641 0.005536498674562112
0.00032345929770921894 0.006420931130771525 0.005277620686042714 0.005038578828128544 0.005362656986267398 0.005175529013450098 0.0038720395528941544 0.00569625163346763 0.005463344014841757
0.00033146744581083313 0.006281080115372662 0.005204680516464863 0.004963828150627591 0.005266771035432892 0.005077014078868485 0.003796053326564682 0.0055999880493207725 0.0053775068250296095
0.000339673858227221 0.0061412290999737955 0.005131740346887068 0.004889077473126581 0.0051708850845983735 0.00497849914428686 0.003720067100235255 0.005503724465173992 0.005291669635217477
0.00034808344355123134 0.006001378084574945 0.005058800177309227 0.004814326795625611 0.005074999133763872 0.00487998420970517 0.0036440808739057885 0.005407460881027256 0.005205832445405371
0.0003567012319017895 0.005920468532104963 0.005018388980456958 0.004772686436247391 0.005020233795066791 0.004822361231480692 0.0035973075419529414 0.005352842001254786 0.005157525827596881
0.00036553237793261306 0.0060522607806391985 0.0050953649460489464 0.004850531137920975 0.005113860230604841 0.00491230487837119 0.003655954654924318 0.005448506185094085 0.005244655621801427
0.00037458216391542647 0.006184053029173424 0.005172340911640897 0.004928375839594503 0.0052074866661429 0.005002248525261661 0.003714601767895763 0.005544170368933486 0.005331785416006034
0.00038385600289950325 0.006315845277707647 0.005249316877232861 0.0050062205412680786 0.005301113101680977 0.005092192172152122 0.0037732488808671634 0.0056398345527727805 0.00541891521021059
0.0003933594419494336 0.006447637526241883 0.005326292842824852 0.005084065242941615 0.00539473953721909 0.005182135819042618 0.00383189599383858 0.005735498736612162 0.005506045004415199
0.0004030981654630527 0.006492538836902104 0.005356087040193198 0.005113814155908096 0.005428257535600817 0.005212350283043308 0.003848279959881757 0.0057702338591671 0.005538400582113714
0.0004130779985715105 0.0064537673925725465 0.005340446942235038 0.005097248605675102 0.005403893335239384 0.00518504775611298 0.0038239660807348535 0.005746296552337132 0.005518010617991662
0.00042330491062352683 0.0064149959482429865 0.005324806844276904 0.0050806830554421655 0.005379529134878001 0.005157745229182734 0.00379965220158793 0.005722359245507054 0.005497620653869538
0.0004337850187558989 0.006376224503913425 0.005309166746318803 0.0050641175052092155 0.005355164934516645 0.00513044270225251 0.0037753383224409963 0.0056984219386770636 0.0054772306897474385
0.00044452459155241677 0.006337453059583868 0.00529352664836066 0.005047551954976244 0.005330800734155208 0.005103140175322247 0.0037510244432941015 0.005674484631847018 0.005456840725625361
0.0004555300527933593 0.006267886553661884 0.005260683522835959 0.005013521722596438 0.005284836090934272 0.005054613519169063 0.003711833658613318 0.005628709768798246 0.005416759788744868
0.00046680798529782154 0.006190711856052366 0.0052235902375595495 0.004975176686392101 0.00523353486771272 0.005000843254619597 0.0036689674031535847 0.005577539744801293 0.005371814023300553
0.0004783651348611704 0.00611353715844284 0.00518649695228312 0.0049368316501878185 0.0051822336444911085 0.004947072990070152 0.003626101147693884 0.005526369720804409 0.0053268682578562305
0.0004902084142899803 0.006036362460833321 0.005149403667006735 0.004898486613983494 0.005130932421269557 0.0048933027255206865 0.0035832348922341566 0.005475199696807463 0.005281922492411903
0.0005023449075368699 0.005973761846870087 0.005120318916105787 0.004868308740323331 0.005089794127101908 0.004849470995809096 0.0035476413609502456 0.005434236042296935 0.005246210217814747
0.0005147818739377039 0.0060510724359112925 0.005168116095209922 0.004916535627087141 0.005146219951851949 0.004901049200541227 0.0035818659817543506 0.005491253534855986 0.005299139455350525
0.0005275267525537008 0.006128383024952504 0.005215913274314081 0.004964762513850919 0.005202645776602015 0.004952627405273313 0.0036160906025584274 0.005548271027414987 0.005352068692886252
0.0005405871666210414 0.0062056936139937135 0.005263710453418232 0.00501298940061475 0.005259071601352075 0.005004205610005435 0.0036503152233625415 0.005605288519974063 0.005404997930422002
0.0005539709281106401 0.006283004203034916 0.005311507632522399 0.005061216287378524 0.005315497426102143 0.0050557838147375295 0.00368453984416663 0.005662306012533141 0.005457927167957772
0.0005676860424008063 0.006354169647118459 0.0053547335689236725 0.005105161724042502 0.005367139320004479 0.005102871428911446 0.003715968598568438 0.005714263408772794 0.005506108748409002
0.0005817407130655886 0.006415592788220331 0.005390712413234954 0.005142319495914052 0.005411196933294676 0.005142839814151566 0.00374296488184467 0.005758198701091531 0.005546763555433527
0.0005961433467816733 0.006477015929322204 0.005426691257546292 0.005179477267785569 0.005455254546584851 0.005182808199391754 0.0037699611651209157 0.005802133993410203 0.005587418362458023
0.0006109025583567608 0.006538439070424079 0.00546267010185761 0.0052166350396570926 0.005499312159875026 0.0052227765846319125 0.003796957448397143 0.005846069285728933 0.0056280731694825425
0.0006260271758824374 0.00659986221152595 0.005498648946168896 0.005253792811528588 0.0055433697731652075 0.005262744969872092 0.003823953731673375 0.005890004578047651 0.005668727976507079
0.0006415262460146203 0.006550604022482183 0.005476220800997731 0.005230854354284727 0.00551153129401119 0.005227237107930827 0.0037965075343346423 0.005857541497327042 0.005640928643200388
0.000657409039384734 0.006449079649758541 0.005426211577459786 0.0051795371221808745 0.005443852993425229 0.005156087684820642 0.0037433523878165785 0.005789001407115556 0.005580803743626152
0.0006736850561448577 0.00634755527703489 0.005376202353921847 0.0051282198900769686 0.005376174692839229 0.005084938261710408 0.0036901972412985147 0.005720461316904166 0.0055206788440519475
0.0006903640316501535 0.006246030904311248 0.005326193130383938 0.005076902657973093 0.005308496392253253 0.005013788838600195 0.0036370420947804466 0.005651921226692667 0.005460553944477728
0.0007074559422819879 0.006144506531587599 0.005276183906845975 0.005025585425869222 0.005240818091667294 0.004942639415489973 0.003583886948262408 0.0055833811364812734 0.005400429044903533
0.0007249710114152121 0.006262861825507826 0.0053476936749341526 0.0050978399728502845 0.005326494635230046 0.005022949600152788 0.0036400546147230613 0.005670019486075536 0.005480440142359873
0.0007429197155331849 0.006387621381563295 0.005422742831127888 0.005173693697863004 0.005416637824738929 0.005107671229702235 0.0036994064407850275 0.005761177596052516 0.00556453287079772
0.0007613127904941871 0.006512380937618773 0.005497791987321654 0.00524954742287571 0.0055067810142477615 0.005192392859251629 0.0037587582668470094 0.00585233570602947 0.005648625599235581
0.000780161237952981 0.006637140493674242 0.0055728411435153795 0.005325401147888403 0.005596924203756588 0.0052771144888010485 0.003818110092908958 0.005943493816006507 0.005732718327673429
0.000799476331941353 0.006723305423692763 0.0056267572559374245 0.005379881278455447 0.005660364091440768 0.005335464964171245 0.003858853910140375 0.0060075352782018475 0.005792363003461971
0.0008192696256115727 0.00670195675260831 0.005621802746424193 0.005374820681638281 0.005649416209756206 0.005320352938613584 0.0038477611313437795 0.005996037507291052 0.0057839023897273915
0.0008395529581468133 0.006680608081523862 0.005616848236910901 0.005369760084821167 0.005638468328071643 0.005305240913055948 0.003836668352547166 0.005984539736380268 0.005775441775992799
0.0008603384618426507 0.006659259410439411 0.005611893727397646 0.005364699488004023 0.005627520446387102 0.005290128887498327 0.003825575573750598 0.005973041965469525 0.005766981162258228
0.0008816385693638898 0.006637910739354959 0.00560693921788438 0.005359638891186929 0.005616572564702582 0.005275016861940717 0.0038144827949540294 0.005961544194558776 0.005758520548523691
0.0009034660211810525 0.006629224679619834 0.005610009186689493 0.005361955774576377 0.0056144537239357336 0.005268609146295509 0.0038096813863118255 0.0059597840661446515 0.005759044789027297
0.000925833873190977 0.006630625784857904 0.005619471536527807 0.005370149633723669 0.005619368186950831 0.005269135372445 0.0038098917471146854 0.005965781042770214 0.005766726455788503
0.0009487555045260882 0.006632026890095971 0.005628933886366162 0.0053783434928710225 0.005624282649965935 0.005269661598594402 0.003810102107917528 0.005971778019395766 0.005774408122549707
0.0009722446255570032 0.00663342799533404 0.005638396236204428 0.005386537352018328 0.0056291971129810315 0.00527018782474395 0.003810312468720412 0.005977774996021318 0.005782089789310911
0.000996315286093273 0.006634829100572109 0.0056478585860427494 0.005394731211165618 0.005634111575996134 0.005270714050893371 0.003810522829523271 0.005983771972646831 0.00578977145607209
0.0010209818837871492 0.006619961232275421 0.005647514354799446 0.005393515708066657 0.005627503681612638 0.0052549141387074555 0.003803006889248357 0.005975947690444878 0.005785969518758832
0.0010462591727454114 0.006602201102016998 0.00564542673136381 0.005390627429457193 0.005618847368136091 0.005236211801928622 0.0037941173843374187 0.005965666295562515 0.005780126051832404
0.0010721622723544079 0.006584440971758575 0.005643339107928221 0.0053877391508477665 0.005610191054659564 0.005217509465149775 0.003785227879426451 0.005955384900680139 0.005774282584905927
0.0010987066763235758 0.006566680841500154 0.005641251484492576 0.005384850872238285 0.005601534741182978 0.005198807128370884 0.003776338374515471 0.0059451035057977355 0.0057684391179794545
0.0011259082619528796 0.006565434311723485 0.005648449734207809 0.0053914328643148626 0.005604493381036479 0.00519133480728027 0.0037754610287485234 0.005946508980269695 0.005773238121992923
0.0011537832996296607 0.006664370291536103 0.005711982281038023 0.005455467831886682 0.0056779160710922014 0.005251991248031372 0.0038231907817885464 0.006018814795491111 0.005842601449708511
0.0011823484625606382 0.00676330627134873 0.005775514827868246 0.0055195027994584655 0.005751338761147837 0.005312647688782469 0.00387092053482853 0.006091120610712536 0.0059119647774240665
0.0012116208367448339 0.006862242251161348 0.005839047374698515 0.0055835377670302895 0.005824761451203565 0.00537330412953359 0.003918650287868545 0.006163426425933981 0.005981328105139687
0.0012416179311934123 0.0069611782309739745 0.005902579921528696 0.005647572734602108 0.005898184141259235 0.005433960570284681 0.003966380040908583 0.006235732241155433 0.006050691432855283
0.0012723576884025422 0.006985830890782748 0.005924818040014158 0.005669696341162042 0.005919801906826917 0.005444675134579654 0.003977364351383207 0.006255961055471907 0.006072692159133993
0.0013038584950855344 0.00691359226362999 0.005893193860658663 0.005637152955097811 0.005873848031758004 0.00539024812088847 0.003940419823729167 0.006208263346868912 0.006032915579190699
0.0013361391931707067 0.0068413536364772265 0.005861569681303123 0.0056046095690335685 0.005827894156689099 0.0053358211071972365 0.0039034752960751436 0.006160565638265879 0.005993138999247339
0.0013692190910714968 0.006769115009324469 0.005829945501947641 0.005572066182969279 0.005781940281620222 0.005281394093505961 0.0038665307684210954 0.006112867929662949 0.00595336241930407
0.0014031179752356344 0.006696876382171706 0.005798321322592157 0.0055395227969050435 0.005735986406551303 0.005226967079814776 0.003829586240767044 0.006065170221059935 0.0059135858393607335
0.0014378561219802214 0.006712937693817035 0.005816605289355686 0.005557268186750932 0.005751920330296318 0.005231854352359643 0.003836725482687366 0.0060799991428217804 0.005930877350896751
0.0014734543096198342 0.006762254826568142 0.005853685830631612 0.005593953505186301 0.005791162645802339 0.005259080771668844 0.0038604677027590196 0.006118377055240372 0.005969662039743096
0.0015099338308948893 0.006811571959319252 0.005890766371907521 0.005630638823621628 0.005830404961308387 0.0052863071909779675 0.0038842099228306947 0.006156754967659105 0.006008446728589522
0.0015473165057076983 0.006860889092070358 0.005927846913183454 0.005667324142056979 0.005869647276814477 0.0053135336102871555 0.003907952142902361 0.006195132880077759 0.00604723141743587
0.0015856246941738689 0.006910357725488203 0.005965527122339168 0.005704566139761607 0.005909262569807664 0.005341021083143287 0.00393186520710785 0.006233981116381986 0.0060865481904131755
0.0016248813099967846 0.006967704393576292 0.006034390061243224 0.005770755459467127 0.005968272692130551 0.005382083340444396 0.003964662166272871 0.0062972861947322295 0.006153533338197101
0.0016651098341732538 0.007025051061664386 0.006103253000147294 0.005836944779172614 0.006027282814453479 0.005423145597745522 0.003997459125437859 0.006360591273082424 0.006220518485981005
0.0017063343290384498 0.007082397729752476 0.006172115939051309 0.005903134098878109 0.006086292936776374 0.005464207855046648 0.004030256084602891 0.006423896351432763 0.006287503633764958
0.0017485794526585859 0.007139744397840571 0.006240978877955405 0.00596932341858364 0.0061453030590993005 0.005505270112347795 0.0040630530437678995 0.006487201429783009 0.006354488781548872
0.0017918704735799204 0.007180950996076231 0.006290427021197045 0.006017506429294255 0.006188054502109892 0.005532547854479555 0.00408614349889177 0.006532052219854248 0.006402604709498276
0.001836233285942905 0.007186453803426204 0.006296927283124943 0.006025857301925308 0.006194839775732485 0.00552933257820648 0.0040877619905306944 0.006536079887368891 0.006408979635995573
0.0018816944249705557 0.0071919566107761755 0.006303427545052915 0.006034208174556348 0.006201625049355135 0.005526117301933386 0.004089380482169584 0.006540107554883534 0.006415354562492878
0.001928281082840234 0.007197459418126147 0.006309927806980824 0.006042559047187399 0.006208410322977731 0.005522902025660312 0.004090998973808505 0.0065441352223981775 0.006421729488990163
0.0019760211249484298 0.007202962225476121 0.006316428068908763 0.006050909919818408 0.006215195596600365 0.005519686749387208 0.004092617465447391 0.006548162889912798 0.006428104415487436
0.002024943106578191 0.0072536680472704085 0.0063610495395708955 0.0060959104697896485 0.006258240463557875 0.005519150668070464 0.004118488662415695 0.0065773926839695854 0.006472434639450747
0.0020750762899792072 0.007334038347293773 0.006430688053464757 0.006164962370515362 0.006325080688641362 0.005520372808443851 0.004160275697256404 0.00662316137356982 0.006541673027376113
0.0021264506618707854 0.007414408647317141 0.00650032656735872 0.00623401427124103 0.006391920913724875 0.005521594948817196 0.004202062732097125 0.006668930063169937 0.006610911415301443
0.002179096951378112 0.0074947789473405035 0.0065699650812525824 0.006303066171966745 0.006458761138808375 0.005522817089190547 0.004243849766937848 0.006714698752770091 0.006680149803226816
0.0022330466484126368 0.007575149247363873 0.006639603595146526 0.00637211807269248 0.006525601363891879 0.005524039229563936 0.004285636801778573 0.0067604674423702845 0.006749388191152146
0.0022883320225074552 0.007558045659493586 0.006649767154918704 0.006394378444210782 0.006532654325744146 0.005474146366791113 0.0042843092004502675 0.006747877866500558 0.0067598817615820445
0.002344986142119067 0.007529655621446142 0.006653044141055741 0.006411220849189276 0.0065327845518538385 0.0054183349247066285 0.004277989378091854 0.006728531017786814 0.006763573300512341
0.0024030428944069697 0.007501265583398694 0.0066563211271928584 0.006428063254167788 0.006532914777963595 0.005362523482622157 0.004271669555733431 0.006709184169073107 0.006767264839442656
0.002462537005502955 0.007472875545351252 0.006659598113329882 0.006444905659146224 0.00653304500407326 0.005306712040537703 0.004265349733375027 0.00668983732035943 0.006770956378373023
0.0025235040612822638 0.007448824712939082 0.006662029849519668 0.0064666678586710125 0.00653838756945717 0.005256444399435372 0.004262674874488823 0.0066749982675555685 0.006777699234994025
0.0025859805286489223 0.007443432464758593 0.006660827010935995 0.00650958517474461 0.0065661431937199645 0.00523001510255643 0.0042756733585331734 0.006679542737163795 0.006797562757684902
0.002650003777348141 0.007438040216578107 0.006659624172352264 0.006552502490818288 0.006593898817982755 0.005203585805677397 0.0042886718425775286 0.006684087206772075 0.006817426280375807
0.0027156121023186553 0.007432647968397619 0.006658421333768593 0.00659541980689199 0.0066216544422456 0.005177156508798462 0.004301670326621901 0.006688631676380314 0.006837289803066676
0.0027828447465985348 0.0074272557202171305 0.006657218495184924 0.006638337122965605 0.006649410066508402 0.005150727211919463 0.0043146688106662605 0.006693176145988569 0.00685715332575758
0.0028517419247980464 0.007336413452411016 0.006663360356631546 0.006679917022234666 0.006638793972559921 0.00510741467258127 0.004291285678117375 0.006681305514400939 0.0068645558019424764
0.0029223448471536557 0.007153419202655699 0.006677422973012736 0.006720054609263539 0.006586796613873822 0.00504589471490475 0.004228667468850343 0.006651732322700185 0.006858519894640577
0.0029946957441775984 0.006970424952900369 0.0066914855893939985 0.006760192196292403 0.006534799255187634 0.0049843747572282295 0.004166049259583267 0.006622159130999298 0.006852483987338605
0.003068837891917642 0.006787430703145051 0.006705548205775238 0.006800329783321236 0.006482801896501522 0.004922854799551724 0.004103431050316242 0.0065925859392985215 0.006846448080036636
0.003144815637842308 0.006604436453389721 0.006719610822156482 0.006840467370350074 0.006430804537815385 0.004861334841875206 0.004040812841049178 0.006563012747597759 0.006840412172734734
0.0032226744273668967 0.006330547580816849 0.006832845700810488 0.006942061402498113 0.0063776102380007785 0.0048119364704596 0.003948616588656448 0.006566462452337225 0.006879730402344193
0.003302460831036267 0.0060300554040046625 0.006975106607446771 0.0070616426868761436 0.006324065613953468 0.004766085880388641 0.003847763348031764 0.006579577395059387 0.006932323013488762
0.0033842225723805953 0.005729563227192477 0.007117367514083032 0.0071812239712541895 0.006270520989906176 0.004720235290317674 0.003746910107407122 0.006592692337781532 0.006984915624633399
0.0034680085564607675 0.005429071050380318 0.007259628420719372 0.007300805255632243 0.006216976365858781 0.004674384700246742 0.003646056866782461 0.006605807280503587 0.0070375082357779254
0.0035538688991205436 0.005117096605490572 0.007377531303186619 0.007414013763499137 0.0061723734723456315 0.0046578401491884445 0.0035661213303833867 0.006599108046553625 0.007069319268906854
0.003641854956962858 0.004642730083503995 0.007150942129549269 0.007437093003565776 0.006254232196387192 0.005055766721309148 0.003782021896603127 0.006312179742526947 0.006807219412957322
0.0037320193580683545 0.0041683635615173764 0.006924352955911983 0.007460172243632304 0.006336090920428764 0.0054536932934299495 0.003997922462822915 0.006025251438500309 0.006545119557007767
0.0038244160334743884 0.0036939970395307603 0.006697763782274635 0.0074832514836989 0.006417949644470315 0.005851619865550702 0.004213823029042701 0.0057383231344736016 0.006283019701058202
0.003919100249433402 0.0032196305175441835 0.006471174608637272 0.007506330723765442 0.006499808368511919 0.006249546437671392 0.004429723595262441 0.005451394830446929 0.0060209198451086614
0.004016128640469949 0.0028490678161759595 0.0062092569175866775 0.0073474633993766214 0.006397721684118305 0.006382356130001885 0.004613039575405559 0.005148799429442785 0.005737095851290908
0.004115559243256111 0.0026642593201248537 0.005884119774322853 0.006863007485962388 0.005966469531998742 0.006040746142707762 0.004738046296253556 0.004818168170689592 0.005414397084445897
0.004217451531325665 0.002479450824073733 0.005558982631058982 0.006378551572548143 0.005535217379879094 0.005699136155413633 0.004863053017101641 0.0044875369119363896 0.0050916983176008965
0.004321866450647593 0.0022946423280226125 0.005233845487795142 0.005894095659133797 0.005103965227759404 0.005357526168119519 0.004988059737949642 0.00415690565318316 0.004768999550755858
0.004428866456080415 0.0021098338319715066 0.004908708344531305 0.005409639745719601 0.004672713075639806 0.005015916180825441 0.005113066458797654 0.0038262743944299446 0.004446300783910871
0.004538515548728995 0.0018753727896457968 0.004709384038808977 0.005209089393710198 0.0044912497096485865 0.0049308219736857875 0.0050914716338231235 0.003617130462403748 0.0042344062090762845
0.0046508793142262346 0.001614286468882951 0.0045775245880002105 0.005160778255787526 0.004443731055059568 0.004983279706629047 0.004991264385726262 0.003473131908477549 0.00408192837488499
0.0047660249619625415 0.001353200148120105 0.004445665137191489 0.005112467117864874 0.00439621240047054 0.00503573743957232 0.004891057137629397 0.003329133354551408 0.003929450540693702
0.00488402136528651 0.0010921138273572812 0.004313805686382715 0.005064155979942209 0.004348693745881509 0.005088195172515556 0.004790849889532501 0.003185134800625155 0.0037769727065023848
0.0050049391027009536 0.0008310275065944354 0.0041819462355739785 0.005015844842019535 0.004301175091292494 0.005140652905458842 0.004690642641435637 0.0030411362466989072 0.003624494872311043
0.0051288505000787465 0.000747454587258544 0.004015198477614086 0.0048737124988131935 0.00428597187639179 0.005271977742800818 0.004650257868625417 0.0029217514745626433 0.0034834067316367235
0.005255829673923957 0.0006745324720082677 0.003846357421225157 0.00472595088328983 0.004272707587872424 0.0054080346064066705 0.004613462444332327 0.002803843529333628 0.0033430019725733053
0.0053859525757039475 0.0006016103567579913 0.003677516364836213 0.004578189267766454 0.0042594432993530275 0.005544091470012527 0.004576667020039265 0.0026859355841047077 0.003202597213509962
0.005519297037279084 0.0005286882415077211 0.003508675308447263 0.004430427652243106 0.0042461790108336865 0.005680148333618351 0.0045398715957461954 0.002568027638875742 0.0030621924544466045
0.005655942817457172 0.0004629183833983619 0.003336001866466577 0.00423285158134852 0.00414418096293129 0.005744687465071492 0.0046544163678041385 0.00244663431923823 0.0029151739698718877
0.0057959716497004606 0.0004203218384255789 0.0031509114951687412 0.003873876675051415 0.0037546855346280716 0.005577509144349798 0.005259303376039514 0.0023139483865169787 0.002746727014640422
0.005939467291013841 0.00037772529345279226 0.0029658211238708537 0.0035149017687542295 0.003365190106324788 0.005410330823628049 0.005864190384274861 0.0021812624537956853 0.0025782800594089284
0.006086515572043285 0.00033512874848000906 0.0027807307525729973 0.0031559268624571147 0.002975694678021585 0.005243152502906373 0.006469077392510239 0.002048576521074426 0.002409833104177448
0.006237204448414744 0.0002925322035072225 0.0025956403812751297 0.002796951956159943 0.002586199249718306 0.005075974182184639 0.00707396440074561 0.0019158905883531543 0.0022413861489459564
0.006391624053343999 0.0002582078538760964 0.0024612922219463327 0.002579982035718314 0.0023256456079357515 0.004843409284286679 0.0074593926885278775 0.0018127656221897741 0.002116791290136912
0.006549866751549051 0.00023126939294288356 0.002372249609018511 0.0024898022812191362 0.0021802185612609668 0.004552463513909832 0.00764887569019142 0.0017360343761673416 0.0020313500888478817
0.006712027194497266 0.00020433093200966838 0.002283206996090672 0.0023996225267199664 0.0020347915145861773 0.004261517743533018 0.00783835869185498 0.0016593031301449452 0.0019459088875588904
0.006878202377020274 0.00017739247107645552 0.002194164383162852 0.0023094427722207874 0.0018893644679114118 0.0039705719731562015 0.008027841693518495 0.0015825718841225 0.0018604676862698677
0.007048491695330649 0.00015045401014324037 0.0021051217702350244 0.002219263017721609 0.001743937421236605 0.003679626202779334 0.008217324695182028 0.0015058406381000767 0.00177502648498085
0.007222997006474766 0.00013394746841480674 0.0020307564048970017 0.0021626311299420167 0.0016904652553734183 0.00343703287953399 0.00797947695090929 0.0014470720801194508 0.0017079034184140805
0.007401822689257782 0.00011971916191500167 0.001959596415469414 0.0021133257877678736 0.0016570751899173538 0.00320499928612195 0.007648304101202166 0.001392226408032987 0.0016447808640280175
0.007585075706676848 0.00010549085541519661 0.00188843642604181 0.0020640204455937205 0.0016236851244612867 0.002972965692709923 0.007317131251495085 0.0013373807359465225 0.0015816583096419615
0.007772865669900064 9.126254891539275e-05 0.0018172764366142188 0.002014715103419573 0.0015902950590052217 0.002740932099297907 0.006985958401788005 0.0012825350638600431 0.0015185357552558885
0.007965304903829497 7.780361904228568e-05 0.0017469052026741789 0.0019632496636671063 0.0015537426703189704 0.0025135870461512186 0.006673296101776576 0.0012288360138189432 0.001456114754612859
0.00816250851428722 7.037147274498255e-05 0.001682712553386748 0.001894863459551339 0.0014924187496629603 0.002322968891749836 0.006505633107714896 0.0011841188364662871 0.0013991892582901045
0.00836459445686496 6.293932644767879e-05 0.0016185199040993198 0.0018264772554355555 0.0014310948290069633 0.002132350737348478 0.006337970113653182 0.001139401659113658 0.001342263761967355
0.00857168360747807 5.550718015037565e-05 0.0015543272548118998 0.001758091051319779 0.001369770908350953 0.0019417325829470878 0.006170307119591546 0.0010946844817610252 0.0012853382656446124
0.00878389983466648 4.8075033853071886e-05 0.0014901346055244597 0.0016897048472040062 0.0013084469876949345 0.0017511144285457046 0.006002644125529847 0.0010499673044083889 0.0012284127693218576
0.009001370073685523 4.199184555286301e-05 0.0014308107033390973 0.001624165943079526 0.0012445724247168541 0.0015951454464620128 0.005875659154186089 0.0010070893590857185 0.0011762103597458928
0.009224224402431114 3.78850375739797e-05 0.0013786200817916536 0.0015627986645237425 0.0011769608741506211 0.0014899415307972378 0.0058082722161268245 0.0009669061025511296 0.0011309278214500942
0.009452596119244773 3.3778229595096056e-05 0.001326429460244207 0.001501431385967966 0.0011093493235843795 0.0013847376151324478 0.00574088527806755 0.0009267228460165339 0.0010856452831542924
0.009686621822644728 2.967142161621276e-05 0.0012742388386967696 0.0014400641074121842 0.0010417377730181493 0.001279533699467678 0.00567349834000829 0.0008865395894819321 0.0010403627448584832
0.009926441493031206 2.556461363732911e-05 0.0012220482171493253 0.001378696828856399 0.0009741262224519054 0.0011743297838028972 0.0056061114019490205 0.0008463563329473363 0.0009950802065626808
0.010172198576414423 2.2989447203439336e-05 0.0011766328522045846 0.0013302546448876024 0.000932269125261339 0.0011234072536663348 0.005508782792538851 0.0008138820432747974 0.000957614320343852
0.010424040070215558 2.107661224846562e-05 0.0011341473279529127 0.0012874016910104677 0.000901549088989969 0.0010959577551095403 0.005398506433355324 0.0007847413608939486 0.0009235286079961459
0.010682116611191944 1.9163777293491903e-05 0.0010916618037012428 0.001244548737133341 0.0008708290527186032 0.0010685082565527414 0.005288230074171807 0.0007556006785131067 0.000889442895648441
0.010946582565539126 1.725094233851835e-05 0.0010491762794495685 0.0012016957832562075 0.0008401090164472467 0.001041058757995946 0.0051779537149882725 0.000726459996132255 0.0008553571833007372
0.011217596121223632 1.5338107383544634e-05 0.0010066907551979003 0.0011588428293790734 0.0008093889801758793 0.0010136092594391483 0.005067677355804725 0.0006973193137514051 0.0008212714709530275
0.01149531938260166 1.4268030890830666e-05 0.0009726979193525207 0.001123128695934443 0.0007774029773020179 0.0009481642400594719 0.0049291877263477725 0.0006717882470690047 0.0007935990039996392
0.011779918467380439 1.3205980669185919e-05 0.0009387859662538663 0.0010874825512558466 0.0007454049176033815 0.0008823573585767365 0.00479042939907865 0.0006462915576789714 0.0007659876155738228
0.012071563605980001 1.2143930447541082e-05 0.0009048740131552163 0.0010518364065772463 0.0007134068579047345 0.0008165504770939875 0.004651671071809576 0.0006207948682889374 0.0007383762271479975
0.012370429243355024 1.1081880225896337e-05 0.000870962060056568 0.001016190261898638 0.0006814087982060932 0.000750743595611244 0.004512912744540481 0.0005952981788989008 0.0007107648387221758
0.012676694143337532 1.0011581245856484e-05 0.0008387508219605343 0.0009829220976572315 0.0006533382944423018 0.000699045597308543 0.004365134285347793 0.0005712397645493622 0.0006845278478657124
0.012990541495562901 8.92038541121592e-06 0.0008108480618711361 0.0009556781505234038 0.0006352175990468051 0.000683090103061956 0.004194504825282022 0.0005508249803024254 0.0006617726641849599
0.013312159025043077 7.829189576575452e-06 0.0007829453017817444 0.0009284342033895589 0.0006170969036513083 0.000667134608815371 0.00402387536521627 0.0005304101960554944 0.000639017480504213
0.013641739104452696 6.7379937419349835e-06 0.0007550425416923465 0.0009011902562557303 0.0005989762082558185 0.0006511791145687744 0.003853245905150501 0.0005099954118085577 0.0006162622968234614
0.013979478869195051 5.646797907294421e-06 0.000727139781602949 0.0008739463091218881 0.0005808555128603225 0.0006352236203221893 0.0036826164450847287 0.0004895806275616207 0.0005935071131427075
0.014325580335316885 4.908061796549375e-06 0.0007023443553113306 0.0008497953299509926 0.0005722260652270998 0.0006705509120458157 0.0034582723983554928 0.0004720598293126791 0.000574035756691496
0.014680250520342514 4.429336957530614e-06 0.0006798412244442899 0.0008279260484576728 0.0005705983577463755 0.0007437097671900933 0.003194302836874562 0.0004566739387671647 0.0005569868957374809
0.015043701567099518 3.950612118511854e-06 0.0006573380935772543 0.0008060567669643547 0.0005689706502656504 0.0008168686223343742 0.0029303332753935893 0.00044128804822166117 0.0005399380347834717
0.015416150870610108 3.471887279493011e-06 0.00063483496271021 0.0007841874854710271 0.0005673429427849305 0.0008900274774786723 0.002666363713912601 0.0004259021576761458 0.0005228891738294494
0.015797821208123966 2.99316244047425e-06 0.0006123318318431766 0.0007623182039777073 0.0005657152353042054 0.0009631863326229484 0.0024023941524316523 0.000410516267130643 0.0005058403128754415
0.016188940872370588 2.726088417281907e-06 0.0005931287764007287 0.0007442940569904531 0.0005639147031101888 0.0009642200711645382 0.0022524906114034563 0.0003976614835328595 0.0004904833802668535
0.01658974380811048 2.4912221269327035e-06 0.0005744279063489822 0.0007268550391671672 0.0005620878715032758 0.000954278248483975 0.002119944943052813 0.0003851918683836357 0.0004753839150151742
0.017000469752067163 2.256355836583521e-06 0.0005557270362972414 0.0007094160213438789 0.0005602610398963611 0.000944336425803412 0.0019873992747021876 0.0003727222532344114 0.00046028444976349705
0.017421364376323578 2.021489546234318e-06 0.0005370261662454959 0.0006919770035205859 0.0005584342082894563 0.0009343946031228457 0.0018548536063515482 0.0003602526380851975 0.0004451849845118231
0.01785267943526865 1.8019387893897333e-06 0.0005190652153373197 0.0006741900816505844 0.0005519897222790096 0.000911446611146249 0.0017431693817103113 0.0003477130162130419 0.00043012142298958455
0.018294672916181982 1.6625693550104313e-06 0.0005049779587690126 0.0006545817797712623 0.0005213704573324102 0.0008204074975609623 0.0017407009506065435 0.00033480688855614895 0.00041524582805088975
0.01874760919354656 1.5231999206311296e-06 0.0004908907022007044 0.0006349734778919493 0.0004907511923858097 0.0007293683839756769 0.0017382325195027808 0.00032190076089925313 0.0004003702331121915
0.019211759187182143 1.3838304862518278e-06 0.0004768034456323983 0.0006153651760126353 0.0004601319274392116 0.0006383292703903887 0.0017357640883990033 0.00030899463324235053 0.0003854946381734919
0.01968740052429346 1.2444610518725375e-06 0.00046271618906409295 0.0005957568741333185 0.0004295126624926143 0.000547290156805117 0.0017332956572952485 0.00029608850558545356 0.00037061904323479593
0.020174817705530496 1.0558301391712778e-06 0.0004493381107984942 0.0005786549037905826 0.00040898809890106995 0.000499438580204088 0.001715923223355025 0.00028532376763628996 0.00035791256910058003
0.020674302275160015 8.076749401642747e-07 0.0004368169563153252 0.0005645814173878623 0.00040066129944688137 0.0005037719441256984 0.0016805417859874292 0.0002771465422506386 0.0003478271159384463
0.021186152995450215 5.595197411572718e-07 0.00042429580183215773 0.0005505079309851401 0.0003923344999926887 0.0005081053080473121 0.0016451603486198243 0.0002689693168649859 0.0003377416627763124
0.02171067602537265 3.113645421502689e-07 0.00041177464734899093 0.000536434444582425 0.00038400770053850027 0.0005124386719689248 0.0016097789112522111 0.0002607920914793383 0.0003276562096141814
0.022248185103728606 6.320934314328673e-08 0.0003992534928658228 0.0005223609581797058 0.00037568090108431196 0.0005167720358905373 0.0015743974738846084 0.00025261486609368583 0.0003175707564520479
0.022799001736809137 0.0 0.00038798980211696886 0.0005105928704598552 0.00037319129385518854 0.0005271179817714834 0.0015175165140786646 0.00024575549007447423 0.00030894507946305764
0.02336345539070119 0.0 0.00037715587745452587 0.0004996127038088371 0.0003726966763738745 0.0005395188607271358 0.0014532876162241738 0.0002393465182691099 0.0003008183133180536
0.023941883688354846 0.0 0.00036632195279207746 0.0004886325371578184 0.0003722020588925613 0.0005519197396827895 0.001389058718369677 0.00023293754646373967 0.0002926915471730458
0.024534632611529487 0.0 0.00035548802812963544 0.00047765237050679594 0.0003717074414112455 0.0005643206186384451 0.0013248243352909613 0.00022645917268585223 0.0002845098127211771
0.02514205670773975 0.0 0.0003447349643963218 0.00046676537352640865 0.000371086449758615 0.0005758663999424843 0.0012614238758348292 0.00022007567024258913 0.0002764272105627784
0.02576451930232487 0.0 0.0003360438543558819 0.00045825420314711345 0.00036724291673747146 0.0005656071911303667 0.0012191447196571328 0.00021429259684316722 0.0002694319492544628
0.02640239271576867 0.0 0.0003273527443154381 0.0004497430327678159 0.00036339938371632736 0.0005553479823182413 0.0011768655634794446 0.00020850952344374585 0.0002624366879461457
0.027056058486399658 0.0 0.00031866163427499817 0.0004412318623885228 0.0003595558506951809 0.0005450887735061165 0.0011345864073017474 0.0002027264500443242 0.00025544142663783007
0.027725907598604813 0.0 0.0003099705242345577 0.0004327206920092278 0.0003557123176740356 0.0005348295646940012 0.0010923072511240652 0.00019694337664490498 0.0002484461653295152
0.02841234071669344 0.0 0.00030163514899027224 0.0004243220167391916 0.0003519803422134091 0.0005271566424117628 0.0010523148896544791 0.0001914699228646978 0.00024177814494840563
0.02911576842455097 0.0 0.0002940214071896108 0.0004161515458336496 0.0003484746692326894 0.0005247301870901471 0.0010169614545927801 0.0001866245545977564 0.00023577395616248593
0.029836611471226113 0.0 0.0002864076653889535 0.00040798107492811094 0.00034496899625197335 0.0005223037317685352 0.0009816080195310796 0.00018177918633081446 0.00022976976737656594
0.030575301022598027 0.0 0.00027879392358829433 0.0003998106040225719 0.00034146332327125733 0.0005198772764469232 0.0009462545844693798 0.00017693381806387396 0.00022376557859064665
0.03133227891927458 0.0 0.0002711801817876343 0.00039164013311703076 0.0003379576502905404 0.0005174508211253117 0.0009109011494076794 0.00017208844979693194 0.0002177613898047268
0.032107997940875245 0.0 0.00026408144975607005 0.00038302225590451807 0.0003320065210717439 0.0005106996170801253 0.0008884010858432445 0.00016740154984393738 0.0002119458914340245
0.032902922076857265 0.0 0.0002572948448572847 0.00037413322335444894 0.00032457329716320863 0.0005013273532024633 0.0008736909443983619 0.00016281069129333689 0.0002062447508907288
0.03371752680404682 0.0 0.00025050823995850297 0.0003652441908043777 0.0003171400732546727 0.0004919550893248013 0.0008589808029534769 0.0001582198327427352 0.00020054361034743334
0.03455229937104128 0.0 0.00024372163505972165 0.00035635515825430857 0.0003097068493461355 0.00048258282544713866 0.0008442706615085898 0.00015362897419213137 0.00019484246980413483
0.035407739089652696 0.0 0.00023693503016093855 0.0003474661257042341 0.00030227362543759856 0.0004732105615694809 0.0008295605200637025 0.00014903811564153247 0.00018914132926084093
0.03628435763356654 0.0 0.00023034812725765194 0.0003391511528891269 0.0002965446841790295 0.00046866885784433137 0.0008237215575559135 0.00014501523273088068 0.00018397190983348452
0.03718267934439506 0.0 0.00022377975340549615 0.00033088944334839365 0.00029097387223849723 0.0004645753504219942 0.0008187056941247709 0.00014104504859094338 0.00017885182535502776
0.03810324154530736 0.0 0.00021721137955333855 0.00032262773380766115 0.00028540306029796616 0.0004604818429996584 0.0008136898306936186 0.00013707486445100733 0.00017373174087657265
0.03904659486242458 0.0 0.00021064300570118174 0.0003143660242669275 0.0002798322483574368 0.0004563883355773159 0.0008086739672624693 0.00013310468031107377 0.00016861165639811941
0.040013303554172014 0.0 0.00020409808898233566 0.0003060695495232585 0.00027413395452626296 0.00045211570265406926 0.0008036619945485182 0.00012916609767948126 0.00016352366671413776
0.04100394584878531 0.0 0.00019764273586339427 0.0002976403349138299 0.0002679489116580864 0.0004471591360000549 0.0007986648773002316 0.00012534817535248384 0.00015855822079088007
0.04201911429017243 0.0 0.00019118738274445651 0.0002892111203044025 0.0002617638687899135 0.00044220256934604486 0.000793667760051932 0.00012153025302548367 0.00015359277486762143
0.043059416092338744 0.0 0.00018473202962551727 0.0002807819056949737 0.0002555788259217388 0.00043724600269202924 0.0007886706428036491 0.0001177123306984827 0.00014862732894436122
0.04412547350258659 0.0 0.00017827667650657735 0.00027235269108554573 0.00024939378305356165 0.000432289436038021 0.0007836735255553489 0.00011389440837148359 0.00014366188302110294
0.04521792417370697 0.0 0.00017254383013586393 0.000264792824809671 0.00024349080082830982 0.0004248950529729524 0.000768153756842281 0.00011028244496612578 0.0001390909820557767
0.04633742154538597 0.0 0.00016753349051337605 0.0002581023068673496 0.00023786987924597546 0.00041506285349682313 0.0007421113366644337 0.00010687644048240946 0.00013491462604838292
0.047484635235053856 0.0 0.00016252315089088974 0.00025141178892502865 0.00023224895766364376 0.0004052306540206949 0.0007160689164865776 0.00010347043599869362 0.00013073827004099
0.04866025143841092 0.0 0.0001575128112684021 0.0002447212709827075 0.00022662803608131064 0.000395398454544566 0.0006900264963087254 0.00010006443151497743 0.00012656191403359615
0.0498649733398691 0.0 0.00015250247164591392 0.0002380307530403863 0.0002210071144989787 0.0003855662550684389 0.0006639840761308717 9.665842703126127e-05 0.00012238555802620288
0.051099521533155834 0.0 0.00014797533231783135 0.00023189302396475718 0.00021586812104209193 0.0003779010591483597 0.0006531304482042593 9.387024222270116e-05 0.00011877856870231199
0.05236463445233061 0.0 0.00014357474544780634 0.00022590007292564292 0.0002108553468561579 0.0003708034117786752 0.0006462548372958343 9.124386732905838e-05 0.0001153206992240984
0.053661068813472795 0.0 0.000139174158577782 0.0002199071218865301 0.00020584257267022396 0.0003637057644089924 0.0006393792263874042 8.861749243541839e-05 0.00011186282974588595
0.05498960006730465 0.0 0.000134773571707756 0.00021391417084741423 0.00020082979848428707 0.00035660811703930654 0.0006325036154789806 8.599111754177693e-05 0.00010840496026767309
0.0563510228630203 0.0 0.00013043846653634333 0.00020803190511448332 0.000195954741855337 0.00034967110082830645 0.0006249851242754709 8.340642346727285e-05 0.00010500338210519403
0.0577461515235982 0.0 0.00012680910856109314 0.0002033425810148807 0.0001925639744516575 0.0003444653315498055 0.0006105378121138522 8.127095599901462e-05 0.00010220849923451104
0.059175820532880924 0.0 0.0001231797505858414 0.00019865325691527733 0.00018917320704797913 0.000339259562271304 0.0005960904999522327 7.913548853075608e-05 9.941361636382785e-05
0.060640885034714674 0.0 0.00011955039261059115 0.0001939639328156726 0.0001857824396442999 0.0003340537929928022 0.0005816431877906106 7.700002106249654e-05 9.661873349314378e-05
0.06214222134444571 0.0 0.00011592103463534012 0.00018927460871606913 0.00018239167224062093 0.0003288480237142989 0.0005671958756289929 7.486455359423837e-05 9.382385062246064e-05
0.06368072747308072 0.0 0.00011241514379021681 0.00018465911185463598 0.00017885154051397174 0.00032321493664447894 0.0005550364699420547 7.275874098958647e-05 9.111991639254298e-05
0.0652573236644241 0.0 0.00010911297370980102 0.00018016542993618088 0.00017506495765441942 0.00031687677521897994 0.0005466521099383282 7.070185890988503e-05 8.856604741988866e-05
0.06687295294551365 0.0 0.00010581080362938583 0.0001756717480177279 0.0001712783747948695 0.00031053861379348193 0.0005382677499346078 6.864497683018522e-05 8.601217844723576e-05
0.06852858169068393 0.0 0.00010250863354897035 0.00017117806609927316 0.00016749179193531827 0.00030420045236798494 0.0005298833899308858 6.658809475048431e-05 8.345830947458131e-05
0.07022520019959413 0.0 9.920646346855519e-05 0.00016668438418081922 0.00016370520907576686 0.0002978622909424855 0.0005214990299271641 6.453121267078286e-05 8.090444050192677e-05
0.07196382328956762 0.0 9.594186787639504e-05 0.00016214395075623883 0.0001599815455745329 0.0002931615561927113 0.0005169931957343916 6.26575493172316e-05 7.846706182421195e-05
0.07374549090259547 0.0 9.269579491929066e-05 0.00015758047081455696 0.0001562888986583854 0.00028926800360702545 0.0005143993108850414 6.087420505403253e-05 7.608710793977487e-05
0.07557126872736872 0.0 8.944972196218557e-05 0.0001530169908728746 0.00015259625174223693 0.00028537445102134307 0.0005118054260356934 5.9090860790834735e-05 7.370715405533831e-05
0.07744224883671062 0.0 8.620364900508008e-05 0.00014845351093119072 0.00014890360482608966 0.0002814808984356562 0.0005092115411863422 5.730751652763758e-05 7.13272001709023e-05
0.07935955034079037 0.0 8.295757604797504e-05 0.00014389003098950792 0.0001452109579099401 0.0002775873458499705 0.0005066176563369968 5.552417226444035e-05 6.894724628646644e-05
0.08132432005650857 0.0 8.036396889352122e-05 0.00014016470324091173 0.00014190017558143888 0.0002725494427109267 0.0004975423223807129 5.403786225274939e-05 6.697558670712463e-05
0.08333773319345619 0.0 7.779594863328877e-05 0.00013647224420577057 0.00013860436833480603 0.0002674666630795941 0.00048821281394965135 5.2563200643078484e-05 6.501993866915894e-05
0.08540099405685533 0.0 7.522792837305556e-05 0.00013277978517062803 0.000135308561088173 0.00026238388344826353 0.00047888330551858633 5.108853903340782e-05 6.306429063119364e-05
0.08751533676790386 0.0 7.265990811282364e-05 0.0001290873261354876 0.0001320127538415409 0.0002573011038169317 0.0004695537970875229 4.961387742373777e-05 6.110864259322873e-05
0.0896820260019541 0.0 7.01330696441133e-05 0.00012543842969482962 0.00012878667284043081 0.0002525231338849352 0.0004606860084177556 4.817685011257814e-05 5.9197889998263065e-05
0.09190235774496706 0.0 6.772672604689515e-05 0.00012191699417877539 0.00012576460566881444 0.0002486370145546999 0.0004531691775680677 4.684993797113654e-05 5.7418498143928245e-05
0.09417766006869518 0.0 6.532038244967666e-05 0.00011839555866271981 0.00012274253849719685 0.00024475089522446234 0.000445652346718386 4.552302582969434e-05 5.5639106289592864e-05
0.09650929392505624 0.0 6.291403885245892e-05 0.00011487412314666567 0.00011972047132558036 0.00024086477589422905 0.0004381355158687006 4.419611368825176e-05 5.3859714435257564e-05
0.09889865396017522 0.0 6.05076952552407e-05 0.00011135268763061044 0.00011669840415396398 0.00023697865656399183 0.0004306186850190103 4.2869201546809636e-05 5.208032258092195e-05
0.10134716934857922 0.0 5.83423625455003e-05 0.00010812796369109729 0.00011392909223314553 0.00023300357879181107 0.00042289020380575584 4.167451796684132e-05 5.0467459610794413e-05
0.10385630464804556 0.0 5.637648712194843e-05 0.00010514879415975637 0.00011136895707160903 0.0002289548802400946 0.0004149865636709242 4.0589264920507725e-05 4.8992413648287716e-05
0.10642756067561407 0.0 5.441061169839643e-05 0.00010216962462841556 0.00010880882191007305 0.00022490618168837415 0.00040708292353609484 3.950401187417305e-05 4.751736768578029e-05
0.1090624754052875 0.0 5.244473627484499e-05 9.919045509707461e-05 0.00010624868674853565 0.00022085748313665723 0.0003991792834012619 3.8418758827839774e-05 4.604232172327383e-05
0.11176262488795713 0.0 5.047886085129345e-05 9.621128556573376e-05 0.00010368855158699984 0.00021680878458493958 0.00039127564326643096 3.733350578150561e-05 4.456727576076666e-05
0.11452962419410322 0.0 4.869444960078431e-05 9.348422629073925e-05 0.00010139379811524953 0.00021313964171177787 0.0003834046835732278 3.6409523537341676e-05 4.323794070080893e-05
0.11736512837983573 0.0 4.694470004624919e-05 9.08053229074075e-05 9.914973552806765e-05 0.00020954299823789388 0.000375539966211569 3.55163458284237e-05 4.193643806043906e-05
0.12027083347685108 0.0 4.519495049171459e-05 8.812641952407541e-05 9.690567294088454e-05 0.00020594635476401066 0.0003676752488499106 3.4623168119506195e-05 4.063493542006969e-05
0.12324847750689853 0.0 4.3445200937179264e-05 8.544751614074365e-05 9.466161035370114e-05 0.00020234971129012548 0.0003598105314882528 3.372999041058856e-05 3.933343277970027e-05
0.1262998415213625 0.0 4.173623247586958e-05 8.282662588557648e-05 9.247206540899325e-05 0.00019883032118229887 0.00035204234801390475 3.2836089494482085e-05 3.806006727616338e-05
0.12942675066658274 0.0 4.02952540557518e-05 8.05869647583532e-05 9.064077925769467e-05 0.00019581859605141507 0.0003449085300847269 3.193743607399479e-05 3.6971602957527e-05
0.1326310752755494 0.0 3.885427563563406e-05 7.834730363112991e-05 8.880949310639553e-05 0.00019280687092053145 0.0003377747121555461 3.103878265350724e-05 3.5883138638890714e-05
0.1359147319866258 0.0 3.741329721551591e-05 7.610764250390558e-05 8.697820695509684e-05 0.0001897951457896489 0.0003306408942263667 3.0140129233019027e-05 3.47946743202539e-05
0.13927968488996934 0.0 3.59723187953984e-05 7.386798137668234e-05 8.51469208037977e-05 0.0001867834206587667 0.00032350707629718884 2.924147581253128e-05 3.370621000161756e-05
0.14272794670233407 0.0 3.459150679705358e-05 7.168546436300688e-05 8.335506524644912e-05 0.00018399145099767553 0.0003175418328434576 2.84219415574709e-05 3.2674261480482814e-05
0.14626157997095973 0.0 3.3292253726000685e-05 6.958040936991853e-05 8.161666004978703e-05 0.00018149737208452395 0.00031316065701200127 2.770965772665475e-05 3.171892326262679e-05
0.14988269830726578 0.0 3.199300065494785e-05 6.747535437682958e-05 7.987825485312521e-05 0.0001790032931713732 0.00030877948118054107 2.6997373895838928e-05 3.076358504477108e-05
0.1535934676510897 0.0 3.0693747583895036e-05 6.537029938374053e-05 7.813984965646313e-05 0.00017650921425822226 0.00030439830534908396 2.6285090065023232e-05 2.9808246826915467e-05
0.15739610756622407 0.0 2.9394494512842625e-05 6.326524439065242e-05 7.64014444598012e-05 0.00017401513534507162 0.0003000171295176253 2.5572806234207107e-05 2.8852908609059682e-05
0.16129289256802984 0.0 2.8182638328201304e-05 6.122861381561515e-05 7.464015331002001e-05 0.00017147837464168204 0.00029616756518351046 2.4901035087331923e-05 2.794985628126309e-05
0.16528615348391698 0.0 2.700528091451247e-05 5.9218992879282576e-05 7.286982823137629e-05 0.000168924765863195 0.0002925278474930827 2.4245255789380846e-05 2.7067443120595166e-05
0.1693782788475083 0.0 2.5827923500823663e-05 5.720937194295062e-05 7.109950315273255e-05 0.00016637115708470764 0.00028888812980265463 2.358947649142949e-05 2.618502995992742e-05
0.17357171632731982 0.0 2.4650566087134416e-05 5.5199751006617894e-05 6.932917807408857e-05 0.00016381754830622138 0.0002852484121122257 2.2933697193478367e-05 2.5302616799259402e-05
0.1778689741908118 0.0 2.3475270788404074e-05 5.3193416020465605e-05 6.75617599577935e-05 0.00016126265310827164 0.0002815927283482144 2.2278518118377675e-05 2.4421471903819233e-05
0.18227262280468706 0.0 2.2516497560323078e-05 5.153210580318399e-05 6.609957288814599e-05 0.00015857268386653084 0.00027626060685795664 2.168636244259731e-05 2.3673494857288273e-05
0.18678529617233217 0.0 2.1557724332241993e-05 4.987079558590237e-05 6.46373858184975e-05 0.00015588271462479145 0.0002709284853676966 2.109420676681748e-05 2.292551781075775e-05
0.19140969350932444 0.0 2.0598951104160858e-05 4.820948536862043e-05 6.317519874884952e-05 0.00015319274538305106 0.0002655963638774361 2.0502051091037106e-05 2.217754076422674e-05
0.19614858085794293 0.0 1.964017787607986e-05 4.654817515133905e-05 6.171301167920187e-05 0.00015050277614130992 0.00026026424238717767 1.9909895415256757e-05 2.1429563717695862e-05
0.20100479274165245 0.0 1.872275733140036e-05 4.4946960356793194e-05 6.027796016300109e-05 0.00014792086035563808 0.0002548468697222773 1.93203515442734e-05 2.0707922610272587e-05
0.20598123386054856 0.0 1.7900964867087206e-05 4.348471622732384e-05 5.890565961414649e-05 0.0001455888181871171 0.0002492323537160202 1.873684747188178e-05 2.0047183362035106e-05
0.21108088082877816 0.0 1.7079172402774298e-05 4.2022472097854724e-05 5.7533359065292994e-05 0.0001432567760185971 0.0002436178377097635 1.815334339949028e-05 1.9386444113797584e-05
0.21630678395497516 0.0 1.6257379938461067e-05 4.056022796838564e-05 5.616105851643893e-05 0.00014092473385007712 0.0002380033217035077 1.7569839327098533e-05 1.8725704865560038e-05
0.22166206906677463 0.0 1.5435587474147888e-05 3.909798383891591e-05 5.47887579675851e-05 0.00013859269168155702 0.00023238880569725038 1.6986335254707052e-05 1.806496561732249e-05
0.22714993938050024 0.0 1.46809426666228e-05 3.7738266964173014e-05 5.3447241057058603e-05 0.00013636356395317723 0.0002279468551230617 1.6534014337480945e-05 1.746720092823279e-05
0.23277367741713878 0.0 1.3972128799444969e-05 3.6448529009322744e-05 5.212673520126487e-05 0.00013420467941410014 0.0002243052269866379 1.617123112933632e-05 1.691241887475192e-05
0.23853664696575125 0.0 1.3263314932267032e-05 3.5158791054472765e-05 5.08062293454712e-05 0.00013204579487502112 0.00022066359885021156 1.5808447921191123e-05 1.635763682127068e-05
0.24444229509549348 0.0 1.255450106508923e-05 3.3869053099622515e-05 4.948572348967711e-05 0.00012988691033594403 0.00021702197071378612 1.544566471304607e-05 1.5802854767789584e-05
0.25049415421745025 0.0 1.1845687197911335e-05 3.257931514477206e-05 4.816521763388313e-05 0.0001277280257968657 0.0002133803425773588 1.5082881504901102e-05 1.5248072714308487e-05
0.2566958441975146 0.0 1.1232458525358394e-05 3.144648120139782e-05 4.693801055990423e-05 0.00012560339719104726 0.0002096536884276111 1.4630065028151597e-05 1.4742032146812177e-05
0.2630510745215801 0.0 1.0631432218076737e-05 3.0333677557361274e-05 4.57227139687103e-05 0.00012348314168309345 0.00020591617989318447 1.416575494264378e-05 1.4242213896675586e-05
0.26956364651433606 0.0 1.0030405910795131e-05 2.922087391332428e-05 4.4507417377516235e-05 0.00012136288617513696 0.00020217867135875647 1.3701444857136264e-05 1.3742395646539094e-05
0.27623745561299606 0.0 9.429379603513508e-06 2.8108070269287692e-05 4.329212078632208e-05 0.00011924263066718327 0.00019844116282432753 1.323713477162865e-05 1.3242577396402473e-05
0.28307649369731974 0.0 8.847198616821723e-06 2.7027095784069062e-05 4.210789884326056e-05 0.00011716494403465975 0.00019501780417961352 1.2797799115386049e-05 1.2759765323022725e-05
0.2900848514773199 0.0 8.351309361251697e-06 2.6091865341859358e-05 4.106596607849153e-05 0.00011528217804227577 0.00019303292134568263 1.2472820056304342e-05 1.2354823637950052e-05
0.29726672094008477 0.0 7.855420105681715e-06 2.5156634899650067e-05 4.002403331372189e-05 0.00011339941204989232 0.0001910480385117521 1.2147840997222282e-05 1.1949881952877109e-05
0.304626397857177 0.0 7.359530850111846e-06 2.4221404457440732e-05 3.8982100548952675e-05 0.00011151664605750668 0.00018906315567782274 1.1822861938140441e-05 1.1544940267804279e-05
0.3121682843541128 0.0 6.863641594541891e-06 2.3286174015231204e-05 3.7940167784183146e-05 0.0001096338800651233 0.0001870782728438931 1.149788287905844e-05 1.1139998582731386e-05
0.31989689154345347 0.0 6.407997252143894e-06 2.2429446835422296e-05 3.697832902705408e-05 0.00010779835278521554 0.00018483278579635055 1.1216340136915606e-05 1.0767345764756618e-05
0.32781684222308716 0.0 5.997427212498667e-06 2.166064330950218e-05 3.610619555848235e-05 0.00010601573286328391 0.00018229542202956276 1.0983446069744704e-05 1.0430856477931828e-05
0.3359328736413151 0.0 5.586857172853321e-06 2.0891839783581725e-05 3.523406208991083e-05 0.00010423311294135168 0.00017975805826277362 1.0750552002573605e-05 1.0094367191107002e-05
0.3442498403303942 0.0 5.176287133208021e-06 2.012303625766141e-05 3.4361928621339064e-05 0.00010245049301941961 0.00017722069449598415 1.0517657935402595e-05 9.757877904282112e-06
0.35277271701023294 0.0 4.765717093562678e-06 1.935423273174103e-05 3.348979515276745e-05 0.00010066787309748731 0.00017468333072919581 1.0284763868231482e-05 9.421388617457215e-06
0.3615066015639749 0.0 4.418016170814281e-06 1.8687464654964386e-05 3.2716357211698904e-05 9.889124675009278e-05 0.00017259230853461076 9.986225477317602e-06 9.117314109968886e-06
0.370456718087254 0.0 4.089719296490717e-06 1.805218900076274e-05 3.1973380853193106e-05 9.711647027138226e-05 0.00017063904608453418 9.667426492655797e-06 8.823244164004123e-06
0.3796284200129399 0.0 3.761422422167176e-06 1.741691334656131e-05 3.123040449468737e-05 9.534169379267192e-05 0.0001686857836344563 9.348627507993944e-06 8.529174218039328e-06
0.3890271933132467 0.0 3.4331255478436713e-06 1.6781637692359778e-05 3.048742813618156e-05 9.356691731396172e-05 0.0001667325211843792 9.02982852333211e-06 8.235104272074529e-06
0.3986586597811187 0.0 3.108943181048825e-06 1.6151262693400156e-05 2.97403806881866e-05 9.180170712920144e-05 0.0001648261176692959 8.718657472330717e-06 7.94412799262937e-06
0.4085285803928557 0.0 2.853335939730929e-06 1.5602565281805533e-05 2.8925481748700134e-05 9.019593517694302e-05 0.0001637006964041272 8.534618649003709e-06 7.70471282184427e-06
0.4186428587539908 0.0 2.59772869841298e-06 1.5053867870210885e-05 2.8110582809213938e-05 8.859016322468478e-05 0.00016257527513895934 8.350579825676585e-06 7.465297651059006e-06
0.42900754463047763 0.0 2.3421214570951292e-06 1.4505170458616414e-05 2.729568386972768e-05 8.698439127242675e-05 0.0001614498538737911 8.166541002349533e-06 7.225882480273821e-06
0.439628837567307 0.0 2.0865142157772e-06 1.3956473047021725e-05 2.6480784930241332e-05 8.537861932016803e-05 0.0001603244326086222 7.982502179022445e-06 6.98646730948861e-06
0.4505130905967079 0.0 1.8560518760386167e-06 1.3435592007301352e-05 2.5728415069118333e-05 8.380824520813977e-05 0.00015896035651728944 7.812417366411735e-06 6.761062631779734e-06
0.4616668140381582 0.0 1.672481379785822e-06 1.296658474215744e-05 2.5092653489267175e-05 8.230388328464742e-05 0.00015715122142581384 7.668354898109478e-06 6.561785630347859e-06
0.473096679392474 0.0 1.4889108835330108e-06 1.2497577477013395e-05 2.445689190941615e-05 8.079952136115559e-05 0.00015534208633433954 7.524292429807199e-06 6.362508628915989e-06
0.48480952333230976 0.0 1.3053403872801916e-06 1.2028570211869398e-05 2.3821130329564873e-05 7.929515943766243e-05 0.00015353295124286392 7.380229961504908e-06 6.163231627484103e-06
0.49681235179145117 0.0 1.1217698910273688e-06 1.1559562946725293e-05 2.318536874971382e-05 7.779079751417032e-05 0.00015172381615138872 7.236167493202731e-06 5.96395462605233e-06
0.5091123441553552 0.0 9.80398062079241e-07 1.11265518686623e-05 2.2544758219730612e-05 7.637720051812956e-05 0.0001506452843641884 7.06190171102876e-06 5.781355950263779e-06
0.5217168575554344 0.0 8.626078413307686e-07 1.0713656306909038e-05 2.1901437982320502e-05 7.501432509919371e-05 0.0001499750308940843 6.870757606397007e-06 5.608077515275917e-06
0.5346334312696596 0.0 7.448176205823119e-07 1.0300760745155946e-05 2.1258117744910375e-05 7.36514496802583e-05 0.00014930477742397983 6.679613501765361e-06 5.434799080288111e-06
0.547869791232113 0.0 6.270273998338533e-07 9.887865183402857e-06 2.0614797507500457e-05 7.228857426132244e-05 0.00014863452395387394 6.488469397133708e-06 5.2615206453003365e-06
0.5614338546541864 0.0 5.09237179085394e-07 9.474969621649667e-06 1.9971477270090395e-05 7.092569884238743e-05 0.00014796427048377033 6.297325292502105e-06 5.088242210312567e-06
0.5753337347601923 0.0 4.423708562440862e-07 9.119337586429236e-06 1.94317108301768e-05 6.967465989615043e-05 0.00014736216230773754 6.161499214502828e-06 4.947418797787909e-06
0.5895777456402145 0.0 3.791052130528019e-07 8.767754487428267e-06 1.8899266375944702e-05 6.843152857929704e-05 0.00014676487248583246 6.029584512124051e-06 4.808890184831452e-06
0.6041744072231103 0.0 3.1583956986151305e-07 8.416171388427342e-06 1.836682192171268e-05 6.718839726244392e-05 0.00014616758266392728 5.897669809745339e-06 4.670361571875013e-06
0.6191324503726293 0.0 2.525739266702245e-07 8.064588289426355e-06 1.7834377467480706e-05 6.594526594558999e-05 0.0001455702928420209 5.765755107366519e-06 4.53183295891849e-06
0.6344608221097017 0.0 1.9739899842926195e-07 7.72893129793095e-06 1.7320596604074334e-05 6.470578088760985e-05 0.00014430536246758766 5.617087718043388e-06 4.393733692129239e-06
0.6501686909640202 0.0 1.698673462686345e-07 7.447688507079723e-06 1.6870583009322066e-05 6.347875388078257e-05 0.00014075932687201916 5.411181981660921e-06 4.257101358078425e-06
0.6662654524581143 0.0 1.4233569410800375e-07 7.1664457162285176e-06 1.6420569414569944e-05 6.22517268739556e-05 0.00013721329127644927 5.205276245278559e-06 4.120469024027688e-06
0.6827607347271999 0.0 1.1480404194737033e-07 6.885202925377254e-06 1.5970555819817744e-05 6.1024699867128807e-05 0.00013366725568087864 4.999370508896053e-06 3.983836689976846e-06
0.6996644042781601 0.0 8.727238978674167e-08 6.6039601345260035e-06 1.55205422250656e-05 5.979767286030096e-05 0.00013012122008530886 4.793464772513549e-06 3.847204355926006e-06
0.7169865718911131 0.0 6.876556699169353e-08 6.3461056286955426e-06 1.5084065527426526e-05 5.8604843494349234e-05 0.0001283324389636749 4.667971098089224e-06 3.7351396551604996e-06
0.7347375986670827 0.0 5.862722233564092e-08 6.1099384417025365e-06 1.4660141225292132e-05 5.744372466811835e-05 0.00012817311199059871 4.617041335662518e-06 3.6458558507141663e-06
0.7529281022253999 0.0 4.848887767958707e-08 5.8737712547094414e-06 1.4236216923157682e-05 5.62826058418874e-05 0.00012801378501752238 4.5661115732358594e-06 3.5565720462678094e-06
0.7715689630545379 0.0 3.83505330235343e-08 5.637604067716373e-06 1.3812292621023382e-05 5.51214870156563e-05 0.00012785445804444612 4.515181810809115e-06 3.4672882418214494e-06
0.7906713310201798 0.0 2.8212188367481434e-08 5.401436880723352e-06 1.3388368318889054e-05 5.39603681894254e-05 0.00012769513107137016 4.46425204838244e-06 3.378004437375129e-06
0.8102466320344125 0.0 2.3526266743719155e-08 5.199704185834922e-06 1.3014922462733755e-05 5.2886007526069464e-05 0.00012693286570024113 4.375066197381103e-06 3.293755463051175e-06
0.8303065748900316 0.0 2.0108350476305522e-08 5.005979512366271e-06 1.2653215780062142e-05 5.18318231796612e-05 0.00012603038209700544 4.276983581594951e-06 3.210677379453356e-06
0.8508631582640573 0.0 1.6690434208891945e-08 4.812254838897645e-06 1.2291509097390492e-05 5.077763883325276e-05 0.00012512789849376956 4.17890096580881e-06 3.1275992958555812e-06
0.8719286778946328 0.0 1.3272517941478208e-08 4.618530165428947e-06 1.1929802414718808e-05 4.972345448684437e-05 0.00012422541489053536 4.080818350022698e-06 3.0445212122577916e-06
0.8935157339356126 0.0 1.0091119953582678e-08 4.428777900552784e-06 1.1576300584286974e-05 4.8687349159457426e-05 0.00012327788458103823 3.984962695022559e-06 2.963249176474163e-06
0.9156372384932319 0.0 8.952379834256324e-09 4.273332800794283e-06 1.1293658841381117e-05 4.780738081452787e-05 0.00012194131453564214 3.90833988317409e-06 2.89757482635836e-06
0.9383064233493706 0.0 7.813639714929815e-09 4.117887701035733e-06 1.1011017098475239e-05 4.692741246959857e-05 0.00012060474449024633 3.83171707132559e-06 2.8319004762425055e-06
0.9615368478760219 0.0 6.674899595603306e-09 3.962442601277181e-06 1.0728375355569305e-05 4.60474441246692e-05 0.00011926817444485004 3.755094259477184e-06 2.7662261261267144e-06
0.985342407145716 0.0 5.536159476276894e-09 3.8069975015186775e-06 1.0445733612663379e-05 4.516747577973981e-05 0.00011793160439945322 3.678471447628751e-06 2.7005517760109136e-06
1.00973734024273 0.0 4.7631047366785835e-09 3.663306385760652e-06 1.0175564446444518e-05 4.4468408447486786e-05 0.00011775480323764766 3.622796708356387e-06 2.649492097694777e-06
1.0347362387800765 0.0 4.547284861428203e-09 3.5375261027651617e-06 9.924401111367955e-06 4.404499980121461e-05 0.00011934526894607497 3.599042841580922e-06 2.6207023954543265e-06
1.0603540556273372 0.0 4.331464986177761e-09 3.4117458197697282e-06 9.67323777629131e-06 4.362159115494297e-05 0.00012093573465450171 3.57528897480547e-06 2.5919126932138948e-06
1.0866061138545957 0.0 4.115645110927392e-09 3.2859655367743167e-06 9.422074441214795e-06 4.3198182508671535e-05 0.00012252620036292875 3.551535108030052e-06 2.5631229909734694e-06
1.1135081158978017 0.0 3.899825235676983e-09 3.1601852537789027e-06 9.170911106138182e-06 4.2774773862399835e-05 0.00012411666607135545 3.527781241254545e-06 2.5343332887330012e-06
1.1410761529510287 0.0 3.738024547134054e-09 3.048816794802853e-06 8.935847612247244e-06 4.2502595893566655e-05 0.0001269413111141698 3.5549434268632573e-06 2.523401914046405e-06
1.1693267145912976 0.0 3.600643490938323e-09 2.9439632699725253e-06 8.708062128755439e-06 4.2298782477548326e-05 0.0001303238728423894 3.605122458070266e-06 2.5205434819526528e-06
1.1982766986416515 0.0 3.4632624347425744e-09 2.8391097451422716e-06 8.480276645263533e-06 4.209496906153056e-05 0.00013370643457061076 3.65530148927727e-06 2.5176850498589002e-06
1.2279434212784595 0.0 3.3258813785468397e-09 2.734256220311961e-06 8.25249116177161e-06 4.189115564551263e-05 0.0001370889962988316 3.7054805204843123e-06 2.5148266177651676e-06
1.2583446273889147 0.0 3.1885003223511377e-09 2.629402695481661e-06 8.024705678279706e-06 4.168734222949427e-05 0.00014047155802705317 3.755659551691284e-06 2.5119681856713743e-06
1.289498501184991 0.0 3.1806180127998407e-09 2.527589966507009e-06 7.711141229470621e-06 4.0022724966753646e-05 0.00013696206733362668 3.6024118837642592e-06 2.4192989245711367e-06
1.3214236770801744 0.0 3.175226063760895e-09 2.4258357143757263e-06 7.395927185174579e-06 3.833001532234575e-05 0.00013332003717055416 3.445252163930797e-06 2.324902532143791e-06
1.3541392508354548 0.0 3.169834114721953e-09 2.324081462244495e-06 7.080713140878654e-06 3.663730567793728e-05 0.00012967800700748196 3.288092444097359e-06 2.230506139716506e-06
1.3876647909813071 0.0 3.1644421656830137e-09 2.222327210113211e-06 6.765499096582663e-06 3.494459603352902e-05 0.0001260359768444098 3.1309327242639038e-06 2.136109747289191e-06
1.4220203505224156 0.0 3.1353482455027098e-09 2.127286401084624e-06 6.483596160839016e-06 3.3452737820685324e-05 0.00012256243252708085 2.993131616799091e-06 2.0512693338712015e-06
1.457226478932209 0.0 3.04332150539531e-09 2.0500709409838314e-06 6.290139961596565e-06 3.249417478820262e-05 0.00011953624717948878 2.906730962864684e-06 1.9918016923055654e-06
1.493304234444354 0.0 2.951294765287955e-09 1.9728554808830633e-06 6.0966837623540875e-06 3.1535611755719706e-05 0.00011651006183189752 2.8203303089302846e-06 1.9323340507399055e-06
1.5302751966485315 0.0 2.8592680251806087e-09 1.895640020782279e-06 5.903227563111612e-06 3.057704872323721e-05 0.00011348387648430496 2.7339296549958825e-06 1.8728664091742666e-06
1.5681614793981011 0.0 2.767241285073233e-09 1.8184245606815165e-06 5.709771363869163e-06 2.9618485690754247e-05 0.00011045769113671309 2.647529001061494e-06 1.8133987676086041e-06
1.6069857440372806 0.0 3.0019323718730763e-09 1.7497113985046838e-06 5.535278688730153e-06 2.8801512146648777e-05 0.00010776516480256218 2.5768617235398675e-06 1.7638145770600644e-06
1.6467712129558538 0.0 3.487107125968447e-09 1.687516664736236e-06 5.37532471540381e-06 2.8093090543632217e-05 0.00010532844371205065 2.518256701268047e-06 1.7218076989579527e-06
1.687541683479416 0.0 3.97228188006373e-09 1.625321930967804e-06 5.215370742077526e-06 2.7384668940616076e-05 0.00010289172262153858 2.4596516789962325e-06 1.6798008208558468e-06
1.7293215421035408 0.0 4.457456634159222e-09 1.5631271971993447e-06 5.055416768751197e-06 2.6676247337599214e-05 0.00010045500153102685 2.4010466567244036e-06 1.6377939427537442e-06
1.7721357790803585 0.0 4.942631388254531e-09 1.500932463430895e-06 4.895462795424899e-06 2.596782573458276e-05 9.801828044051496e-05 2.342441634452568e-06 1.5957870646516084e-06
1.8160100033662285 0.0 4.800577409692963e-09 1.4487933769627536e-06 4.7556132731217136e-06 2.537626506175436e-05 9.633476701423136e-05 2.289751663838101e-06 1.5582220404320748e-06
1.8609704579395387 0.0 4.555134079594374e-09 1.3983118147748595e-06 4.619077671316864e-06 2.480396717961605e-05 9.477540869743576e-05 2.238036701738573e-06 1.5213891899294073e-06
1.907044035497681 0.0 4.309690749495755e-09 1.3478302525869721e-06 4.482542069511935e-06 2.4231669297477614e-05 9.321605038064047e-05 2.1863217396389965e-06 1.484556339426717e-06
1.9542582945427092 0.0 4.064247419397196e-09 1.2973486903990892e-06 4.346006467707036e-06 2.3659371415339092e-05 9.16566920638451e-05 2.134606777539439e-06 1.4477234889240249e-06
2.0026414758651874 0.0 3.924144545476586e-09 1.2481416790668828e-06 4.21205505913167e-06 2.3092454071894016e-05 9.006818662230766e-05 2.0835158802712602e-06 1.4120835052595023e-06
2.052222519436178 0.0 4.376581737557632e-09 1.2061040162979328e-06 4.092639737472562e-06 2.2555802258599427e-05 8.831572860409604e-05 2.0359353476791555e-06 1.3831533975593043e-06
2.103031081717444 0.0 4.8290189296387424e-09 1.164066353528999e-06 3.973224415813404e-06 2.2019150445304347e-05 8.656327058588397e-05 1.988354815087044e-06 1.3542232898590972e-06
2.1550975534001666 0.0 5.281456121719669e-09 1.1220286907600627e-06 3.853809094154269e-06 2.1482498632009603e-05 8.481081256767155e-05 1.9407742824949453e-06 1.3252931821589073e-06
2.208453077582904 0.0 5.733893313800857e-09 1.0799910279911164e-06 3.73439377249512e-06 2.0945846818714773e-05 8.305835454945936e-05 1.893193749902877e-06 1.2963630744587228e-06
2.263129568399525 0.0 5.743001358170935e-09 1.0409043197530258e-06 3.6238112822935507e-06 2.0479418986634126e-05 8.163924530273538e-05 1.85102960037205e-06 1.268195351647727e-06
2.3191597301083986 0.0 5.195589834138095e-09 1.0055220012451547e-06 3.5243168145599846e-06 2.010114466288587e-05 8.063859515213365e-05 1.8156647402160417e-06 1.2409846651870156e-06
2.3765770766541277 0.0 4.6481783101052985e-09 9.701396827372778e-07 3.424822346826394e-06 1.9722870339137964e-05 7.963794500153267e-05 1.7802998800600145e-06 1.2137739787262954e-06
2.4354159517136287 0.0 4.100766786072248e-09 9.347573642293931e-07 3.325327879092776e-06 1.9344596015389657e-05 7.863729485093035e-05 1.7449350199039704e-06 1.1865632922655756e-06
2.4957115492385142 0.0 3.553355262039416e-09 8.993750457215228e-07 3.225833411359215e-06 1.896632169164149e-05 7.763664470032927e-05 1.7095701597479337e-06 1.1593526058048452e-06
2.5574999345060077 0.0 3.1665033208410877e-09 8.683957525837475e-07 3.1318729459293176e-06 1.8541654149439312e-05 7.622045546983898e-05 1.6716453124119948e-06 1.1314580178725707e-06
2.62081806569111 0.0 2.8372881529680275e-09 8.389970326557593e-07 3.0398990454289796e-06 1.810033263138152e-05 7.465509836451641e-05 1.6328014953191293e-06 1.1033179268479299e-06
2.6857038159727638 0.0 2.5080729850951026e-09 8.095983127277718e-07 2.947925144928635e-06 1.765901111332385e-05 7.308974125919516e-05 1.5939576782262881e-06 1.0751778358232945e-06
2.7521959961874 0.0 2.1788578172220023e-09 7.80199592799765e-07 2.85595124442827e-06 1.7217689595265996e-05 7.152438415387192e-05 1.55511386113343e-06 1.0470377447986542e-06
2.82033437804326 0.0 1.8617697539887782e-09 7.509499427282575e-07 2.7644570928962055e-06 1.677932561811975e-05 6.997364185190561e-05 1.5163417145345086e-06 1.0191045556279271e-06
2.8901597179095058 0.0 1.961045616722037e-09 7.268183577293841e-07 2.6894343226072767e-06 1.644250387892809e-05 6.892467446512761e-05 1.4800302548944076e-06 9.982749967749707e-07
2.9617137811942973 0.0 2.060321479455253e-09 7.026867727305216e-07 2.6144115523183932e-06 1.6105682139736646e-05 6.787570707834941e-05 1.4437187952542998e-06 9.774454379220042e-07
3.035039367326362 0.0 2.1595973421884986e-09 6.785551877316514e-07 2.5393887820294763e-06 1.5768860400545246e-05 6.682673969157165e-05 1.4074073356142076e-06 9.566158790690488e-07
3.1101803353551416 0.0 2.258873204921695e-09 6.544236027327754e-07 2.464366011740584e-06 1.543203866135375e-05 6.577777230479418e-05 1.3710958759740907e-06 9.357863202160839e-07
3.1871816301846425 0.0 2.3053968594939967e-09 6.316320672455531e-07 2.39338051233903e-06 1.5111541489356072e-05 6.473882475666225e-05 1.3413487227940558e-06 9.16348504095278e-07
3.2660893094568846 0.0 2.240209955607838e-09 6.116782836653613e-07 2.3309445277576374e-06 1.4825613989062862e-05 6.372109569036771e-05 1.3255024538823934e-06 8.998579078778379e-07
3.3469505711008254 0.0 2.1750230517216788e-09 5.91724500085157e-07 2.2685085431762414e-06 1.4539686488769609e-05 6.270336662407284e-05 1.309656184970753e-06 8.83367311660406e-07
3.429813781563402 0.0 2.109836147835539e-09 5.717707165049693e-07 2.2060725585948646e-06 1.4253758988476344e-05 6.168563755777849e-05 1.2938099160591072e-06 8.668767154429701e-07
3.514728504739515 0.0 2.044649243949392e-09 5.518169329247664e-07 2.143636574013459e-06 1.3967831488183092e-05 6.06679084914836e-05 1.277963647147449e-06 8.503861192255327e-07
3.6017455316181817 0.0 1.9750308587767505e-09 5.341545272139383e-07 2.0865065231767973e-06 1.3686844518551008e-05 5.969168393288675e-05 1.2566106220054136e-06 8.337915681417689e-07
3.6909169106627746 0.0 1.9026172315618643e-09 5.179374521591812e-07 2.0327232920867843e-06 1.3408973883643635e-05 5.8741639140683885e-05 1.2317841044719034e-06 8.171314455269352e-07
3.7822959789432904 0.0 1.8302036043469717e-09 5.017203771044263e-07 1.9789400609968073e-06 1.3131103248736248e-05 5.7791594348480774e-05 1.2069575869383917e-06 8.004713229121006e-07
3.8759373940395045 0.0 1.7577899771320876e-09 4.855033020496677e-07 1.925156829906775e-06 1.2853232613828822e-05 5.684154955627732e-05 1.1821310694048962e-06 7.838112002972771e-07
3.9718971667338647 0.0 1.6853763499171964e-09 4.692862269949043e-07 1.8713735988167584e-06 1.257536197892154e-05 5.5891504764074164e-05 1.1573045518713716e-06 7.67151077682431e-07
4.070232694513868 0.0 1.6074404327699562e-09 4.5539680943419775e-07 1.8246304534337833e-06 1.2331513762083233e-05 5.501434100111968e-05 1.1317744948626352e-06 7.51993730250907e-07
4.17100279590388 0.0 1.5289292770880963e-09 4.417498561957867e-07 1.7786206503119205e-06 1.2091209547127112e-05 5.414476901204474e-05 1.1061711524919284e-06 7.369929219009916e-07
4.274267745646865 0.0 1.450418121406273e-09 4.281029029573746e-07 1.7326108471900649e-06 1.1850905332171006e-05 5.3275197022970225e-05 1.0805678101211712e-06 7.219921135510413e-07
4.380089310757246 0.0 1.3719069657244004e-09 4.1445594971895785e-07 1.6866010440682067e-06 1.1610601117214875e-05 5.2405625033895575e-05 1.054964467750436e-06 7.069913052011147e-07
4.4885307874662415 0.0 1.3674684690970857e-09 4.013974457693584e-07 1.642088873562812e-06 1.137515874288613e-05 5.1569009535855836e-05 1.031134462434246e-06 6.926977192789422e-07
4.599657039081975 0.0 1.6628478781666704e-09 3.907207603697229e-07 1.6036385493621396e-06 1.1159395247286868e-05 5.08657893586724e-05 1.014482249957885e-06 6.812667003262922e-07
4.713534534786907 0.0 1.9582272872363386e-09 3.800440749700891e-07 1.5651882251614473e-06 1.0943631751687686e-05 5.0162569181489306e-05 9.978300374815423e-07 6.698356813736559e-07
4.83023138939573 0.0 2.253606696305881e-09 3.693673895704554e-07 1.526737900960775e-06 1.072786825608854e-05 4.945934900430613e-05 9.811778250051901e-07 6.584046624210214e-07
4.949817404097715 0.0 2.5489861053755514e-09 3.5869070417082294e-07 1.488287576760094e-06 1.0512104760489246e-05 4.875612882712264e-05 9.645256125288202e-07 6.469736434683631e-07
5.072364108207592 0.0 2.5723183192088415e-09 3.483056780211001e-07 1.4514436047471275e-06 1.0305964308853155e-05 4.795918835983486e-05 9.468390432363292e-07 6.347822360293939e-07
5.19794480195026 0.0 2.3131399841429304e-09 3.382235287847428e-07 1.4162677676983166e-06 1.0109817018255785e-05 4.706492297589918e-05 9.280783341732579e-07 6.218011943931101e-07
5.3266346003045975 0.0 2.0539616490769243e-09 3.281413795483912e-07 1.3810919306494963e-06 9.913669727658227e-06 4.617065759196381e-05 9.093176251101783e-07 6.088201527568195e-07
5.458510477932844 0.0 1.7947833140110264e-09 3.180592303120355e-07 1.34591609360068e-06 9.717522437060774e-06 4.5276392208028145e-05 8.905569160470877e-07 5.958391111205221e-07
5.593651315222354 0.0 1.535604978945104e-09 3.07977081075682e-07 1.3107402565518715e-06 9.521375146463247e-06 4.438212682409272e-05 8.7179620698401e-07 5.8285806948423e-07
5.732137945467118 0.0 1.4773467016486111e-09 2.977319181663279e-07 1.27510781654383e-06 9.331604128571053e-06 4.370124191100863e-05 8.54816624939096e-07 5.714373902474228e-07
5.8740532032175725 0.0 1.474765066866605e-09 2.874415827933723e-07 1.2393488480049243e-06 9.143600029621247e-06 4.3079486525991646e-05 8.383306082124733e-07 5.604491005911991e-07
6.019481973827262 0.0 1.4721834320845729e-09 2.7715124742041616e-07 1.2035898794660278e-06 8.955595930671522e-06 4.245773114097493e-05 8.218445914858532e-07 5.494608109349721e-07
6.168511244226353 0.0 1.4696017973025379e-09 2.6686091204746044e-07 1.1678309109271254e-06 8.767591831721728e-06 4.183597575595819e-05 8.053585747592282e-07 5.384725212787481e-07
6.321230154952014 0.0 1.4821430509029292e-09 2.567108532250818e-07 1.1324861691590976e-06 8.581928394099373e-06 4.122275654465346e-05 7.889954588940318e-07 5.276314531871509e-07
6.4777300534670665 0.0 1.6799396871879777e-09 2.4827918214723904e-07 1.102215705334251e-06 8.424938057737884e-06 4.071410546132052e-05 7.741378785813065e-07 5.185938492622918e-07
6.638104548798708 0.0 1.8777363234730108e-09 2.3984751106939857e-07 1.0719452415094113e-06 8.26794772137627e-06 4.020545437798819e-05 7.592802982685917e-07 5.095562453374338e-07
6.802449567529828 0.0 2.07553295975809e-09 2.3141583999155613e-07 1.0416747776845689e-06 8.110957385014692e-06 3.969680329465522e-05 7.444227179558627e-07 5.005186414125718e-07
6.970863411176746 0.0 2.273329596043172e-09 2.2298416891371382e-07 1.0114043138597425e-06 7.953967048653139e-06 3.9188152211322395e-05 7.295651376431565e-07 4.914810374877213e-07
7.143446814987287 0.0 2.3215996899495515e-09 2.147775756394264e-07 9.814597394030742e-07 7.786222852433313e-06 3.8555918245420726e-05 7.142095533737253e-07 4.815392449146111e-07
7.320303008194789 0.0 2.1129908520771548e-09 2.0695765448918962e-07 9.520750261686827e-07 7.600004076456877e-06 3.771137522484837e-05 6.979984238453767e-07 4.700441026124687e-07
7.501537775763652 0.0 1.904382014204758e-09 1.9913773333895157e-07 9.226903129342911e-07 7.413785300480401e-06 3.6866832204275865e-05 6.817872943170105e-07 4.585489603103245e-07
7.68725952166372 0.0 1.6957731763323748e-09 1.9131781218871648e-07 8.933055996999012e-07 7.227566524503983e-06 3.602228918370376e-05 6.655761647886592e-07 4.4705381800818276e-07
7.877579333711203 0.0 1.4871643384599528e-09 1.8349789103847975e-07 8.639208864654973e-07 7.0413477485275955e-06 3.517774616313128e-05 6.493650352602944e-07 4.3555867570603524e-07
8.072611050014757 0.0 1.4143250325154806e-09 1.7644565732453955e-07 8.379207316061717e-07 6.88998370094642e-06 3.457117802039987e-05 6.377812837678081e-07 4.2668028524987804e-07
8.272471327066874 0.0 1.411310057276749e-09 1.697882342921226e-07 8.136612067683054e-07 6.756544942254129e-06 3.40869969577008e-05 6.28577326693766e-07 4.1914765288593775e-07
8.477279709520793 0.0 1.4082950820380322e-09 1.6313081125970335e-07 7.894016819304501e-07 6.6231061835618965e-06 3.360281589500192e-05 6.19373369619726e-07 4.116150205219944e-07
8.687158701695205 0.0 1.4052801067993024e-09 1.5647338822728592e-07 7.651421570925843e-07 6.489667424869632e-06 3.311863483230263e-05 6.101694125456822e-07 4.040823881580536e-07
8.902233840849016 0.0 1.4022651315605978e-09 1.4981596519486824e-07 7.408826322547268e-07 6.35622866617743e-06 3.263445376960348e-05 6.009654554716385e-07 3.965497557941109e-07
9.122633772270389 0.0 1.3735809925755116e-09 1.439597163744849e-07 7.186461168818431e-07 6.2179569076186424e-06 3.208090823182356e-05 5.872082218327126e-07 3.8814183528531094e-07
9.34849032622484 0.0 1.343626102909952e-09 1.381431296438037e-07 6.965097504923912e-07 6.079445891640721e-06 3.152392880913898e-05 5.732255784628468e-07 3.796905836802301e-07
9.579938596808217 0.0 1.3136712132443487e-09 1.3232654291312491e-07 6.743733841029152e-07 5.9409348756628115e-06 3.096694938645403e-05 5.592429350929845e-07 3.7123933207514595e-07
9.817117022752184 0.0 1.2837163235787909e-09 1.2650995618244464e-07 6.522370177134515e-07 5.8024238596848905e-06 3.0409969963769287e-05 5.452602917231304e-07 3.6278808047007216e-07
10.060167470229961 0.0 1.2637920612799777e-09 1.2091418201368376e-07 6.308953269739612e-07 5.670444550547102e-06 2.990138697694481e-05 5.320723103698655e-07 3.548339165885857e-07
10.309235317712492 0.0 1.274731267801963e-09 1.1599783111236736e-07 6.119987920805253e-07 5.558562800917286e-06 2.9541716100460726e-05 5.213294429138116e-07 3.48409253395072e-07
10.564469542925128 0.0 1.285670474323978e-09 1.1108148021105125e-07 5.931022571871021e-07 5.446681051287519e-06 2.918204522397628e-05 5.105865754577526e-07 3.41984590201553e-07
10.826022811957412 0.0 1.296609680845965e-09 1.0616512930973574e-07 5.742057222936686e-07 5.33479930165772e-06 2.8822374347492318e-05 4.998437080017132e-07 3.3555992700804853e-07
11.094051570578998 0.0 1.3075488873679563e-09 1.0124877840841859e-07 5.553091874002333e-07 5.222917552027931e-06 2.846270347100795e-05 4.891008405456562e-07 3.2913526381453485e-07
11.368716137816156 0.0 1.3069001386691285e-09 9.67139273386812e-08 5.374226860099856e-07 5.1091772984929306e-06 2.799944304693183e-05 4.779744024223945e-07 3.222908639871468e-07
11.650180801845357 0.0 1.2962898144295785e-09 9.250703226450776e-08 5.204044590347574e-07 4.9938393837058975e-06 2.7447131959136245e-05 4.6651822811152126e-07 3.1508563793062795e-07
11.938613918260598 0.0 1.2856794901900564e-09 8.830013719033555e-08 5.033862320595194e-07 4.87850146891896e-06 2.6894820871341065e-05 4.55062053800654e-07 3.0788041187411374e-07
12.234188010774009 0.0 1.2750691659505194e-09 8.409324211616234e-08 4.863680050842855e-07 4.763163554131999e-06 2.634250978354555e-05 4.4360587948978544e-07 3.0067518581759937e-07
12.537079874409196 0.0 1.264458841710977e-09 7.988634704199012e-08 4.6934977810905527e-07 4.647825639344976e-06 2.5790198695750054e-05 4.3214970517891205e-07 2.934699597610803e-07
12.847470681249712 0.0 1.2579097612626954e-09 7.615663656432661e-08 4.5460565993502066e-07 4.559076983682238e-06 2.547367934975824e-05 4.243730283431234e-07 2.8837730074637197e-07
13.16554608880559 0.0 1.2521913897717136e-09 7.252453202685639e-08 4.403267003794064e-07 4.475767040113047e-06 2.5205390132771442e-05 4.1734897599087624e-07 2.837167577174868e-07
13.491496351062565 0.0 1.2464730182807102e-09 6.889242748938782e-08 4.260477408238029e-07 4.392457096543929e-06 2.4937100915784764e-05 4.103249236386326e-07 2.7905621468860596e-07
13.825516432281029 0.0 1.2407546467897595e-09 6.526032295191801e-08 4.1176878126818626e-07 4.30914715297468e-06 2.466881169879808e-05 4.0330087128638565e-07 2.743956716597219e-07
14.16780612361194 0.0 1.235538840028714e-09 6.171494070215204e-08 3.976761148328852e-07 4.22571584827865e-06 2.4395463375461668e-05 3.963595751439265e-07 2.697331622305901e-07
14.518570162600366 0.0 1.233918304028187e-09 5.87899563567205e-08 3.8491616071975574e-07 4.141416344751789e-06 2.408592298362313e-05 3.9001030419449997e-07 2.6505658547658766e-07
14.878018355647225 0.0 1.2322977680276531e-09 5.586497201129002e-08 3.721562066066264e-07 4.057116841224915e-06 2.377638259178444e-05 3.8366103324506804e-07 2.6038000872258245e-07
15.246365703503216 0.0 1.2306772320271101e-09 5.293998766585875e-08 3.5939625249349745e-07 3.972817337698041e-06 2.3466842199945805e-05 3.773117622956376e-07 2.5570343196857556e-07
15.623832529869695 0.0 1.2290566960265727e-09 5.001500332042798e-08 3.4663629838036666e-07 3.888517834171173e-06 2.315730180810742e-05 3.7096249134621563e-07 2.5102685521457485e-07
16.010644613183146 0.0 1.2453456502852674e-09 4.751448682292379e-08 3.345089691168411e-07 3.7938806558418966e-06 2.2713034345690955e-05 3.629839064014121e-07 2.4539123366486245e-07
16.40703332166278 0.0 1.286870704454665e-09 4.5612084111134824e-08 3.232730657777464e-07 3.6846767539274938e-06 2.2078924192914897e-05 3.5270946991767657e-07 2.384042308121056e-07
16.813235751701182 0.0 1.3283957586240374e-09 4.370968139934496e-08 3.120371624386521e-07 3.5754728520130508e-06 2.1444814040138808e-05 3.4243503343394035e-07 2.31417227959349e-07
17.229494869681496 0.0 1.3699208127934473e-09 4.1807278687556067e-08 3.0080125909955825e-07 3.46626895009858e-06 2.081070388736294e-05 3.321605969502036e-07 2.244302251065932e-07
17.656059657305725 0.0 1.4114458669628297e-09 3.990487597576694e-08 2.895653557604651e-07 3.357065048184171e-06 2.017659373458707e-05 3.218861604664715e-07 2.1744322225383717e-07
18.0931852605207 0.0 1.474401526168973e-09 3.8356202910064965e-08 2.812865621986145e-07 3.290350232963787e-06 1.9873047655928345e-05 3.162937604444201e-07 2.1357986925359485e-07
18.54113314213161 0.0 1.5462151687903266e-09 3.695373809807943e-08 2.7423004067802857e-07 3.241197573576976e-06 1.9706134727904757e-05 3.1263660215986713e-07 2.1100762485905694e-07
19.00017123819342 0.0 1.618028811411652e-09 3.555127328609447e-08 2.671735191574455e-07 3.1920449141901498e-06 1.9539221799881156e-05 3.089794438753129e-07 2.084353804645213e-07
19.470574118274712 0.0 1.6898424540330018e-09 3.414880847410948e-08 2.601169976368575e-07 3.1428922548033477e-06 1.9372308871857632e-05 3.0532228559076097e-07 2.0586313606998344e-07
19.952623149688797 0.0 1.7616560966543422e-09 3.2746343662123624e-08 2.5306047611627057e-07 3.0937395954165283e-06 1.9205395943833994e-05 3.016651273062064e-07 2.0329089167544625e-07
